ID	Transcription
281474976733773	जादातर कारिमक्रम कौन से समै और कौन सी जगै पै होत एैं । जादातर कारिक्रम सब जां पै जैसि कोई खतम होतु एै मही पै होत एैं । जो भी कारिक्रम जैसि बाल कटना जे सब कारिक्रम होत एैं और बाद मि तेरई बु करी जाति एैं तौ बेऊ । मईं करी जाति एै जां पै बे खतम होत एैं । तौ बिनके घरैई खतम होत एैं तौ घरै ई जे सब कारिक्रम करे जात एैं ।
281474976733772	तुमाए समाज मि काऊ के मिरबे पै का का होतु एै । हमाए समाज मि काऊ के मरिबे पै बाए पैलि अगर खटीआ पै लेटे लेटे खतम है गए होंइ तौ जमीन पै लिटात एैं निचि टटरी लगात एैं या धान कौ प्यार बिछाइ देत एैं नीचि फिर बाके बाद सबन्न कौ आबे कौ इंतजार कत्त एैं जैसि कि बिनके भईआ भैन मौंसी और । जादातर ध्यान देत एैं बिनके लडकी सब आ जइं लडकी बेटा बिटिआ । जे सब आने चइएैं फिर बिनै नैहलात एैं । नैंहलाबे के बाद बिनके जो सबसे अच्छे कपडे होत एैं नए बु बिनै पैहनात एैं । फिर बिनै पैहनाइबे के बाद एक ठठरी पै लै जाइकि फिर मां पै बिनकौ । बा संस्कार के साथ बिनकौ अंतिम संस्कार कत्त एैं । जे सब कारिक्रम होत एैं ।
281474976733777	किरिआकरम करिबे को का तरीका होतु एै । किरिआकरम करिबे कौ तरीका जि होतु एै । बिनै अच्छे ति नभाऔ धुबाऔ और नए कपडा पैनाऔ और फिर बिनै अच्छे ति लै जाइकि बिनै बैठालौ बहां पै सई तरीका ति जेई सब कारिक्रम होत एैं किरिआकरम करिबे के तरीका जेई होतु एै ।
281474976733776	किरिआकरम मि लोग कैसि बैठत एैं काऊ एक दिसा मि । पैहले के टाइम मि किरिआकरम मि लोग एक दिसा मि बैठते जा दिसा मि गगां जी कौ मौ होतो बाई दिसा मि कत्ते सब बैठात्ते । अब तौ जा टाइम तौ लोग कैसिऊं बैठि जात एैं इतै बितै कैसिऊ करिकि ।
281474976733751	नाम धरिबे बाए कारिक्रम मि का का सामान लगतु एै । हबन कौ सामान पूरौ लगतु एै बाके लएैं हबन होतु है और हबन के बाद नाम धरौ जातु एै कलाबौ सामिग्री घी और आग बाग जे सब चीजैं ।
281474976733762	बिआ के कितए रीती रिबाज होत एैं का का नाम एैं बिनए और चौं कत्त एैं बिनै । बिआ रीत रिबाज निरे होत एैम जैसि कि जूता चुराबौ । जूता चुराइबे आई तौ बे सारी बिनति रूपईआ लेबैई और दरबज्जे पै जाबौ दरबज्जौ रोकत एैं सारी मौसी या सारी भैन । कोई बिनति रूपिआ लैबैई दूला पै ति और तिलक होतु एै चौकी पै बैठि कि जि लडका बाए के पापा या बाबा चैं कोई कत्तु एै ।
281474976733775	किरिआकरम मि कौ कौ बुलाऔ जातु एै । जैसि किरिआकरम मि आस पडौस के सब आइ जात एैं बेटा आइ जात एैं और रिसतेदार सब आई जात एैं बस्स मैहलाऔ को छोडके जादातर सब आतई एैं । हमाए समाज मि मैहलाऔ को नही जाने देते अंतिम संस्कार मि समसान घाट मि ।
281474976733761	बिआ के रीत रिबाज और समै कौन सी जगै पै करी जाति एैं । जैसि लडकी लडका बाए के जां तौ सबेरऊ होति एैं दुपैर मि ऊं होति एैं जब टाइम जैसौ समै होतु एै संजऊ कू होति एैं और लडकी बाए का जां पै सबेरे सजां दुपैर सब टाइम होति एैं । फिर लडका अपए लडकी बाए जां जातु एै तौ मां पै रीत होति एैं । जे सब रीत रिबाजै होति एैं जूता चुरात एैं और चौकी पै बैठतु एै टीका तिलक जे सब रीत रिबाजैं होति एैं बिआ मि ।
281474976733766	बिआ के रीत रिबाजन कौ का तरीका होतु एै । बिआ के रीत रिबाजन के तरीका बडी बूआ बडी जिजी कत्ति एैं । मम्मी पापा जे सब बूआ मौंसी इनके अलग अलग रीति रिबाज होत एैं और अलग अलग तरीका होत एैं करिबे के ।
281474976733757	तुमाए समाज मि मौडा मौडी बिआ ति पैलि मिन्त इ । पैले के जमाने मि तौ नईं मिन्त ए न बिना देखे सादी है जाती पापा मम्मी की मर्जी ति लेकिन अब के टाइम मि हमाए टाइम मि तौ लडका लडकी मिन्त एैं दौनौ एक दूसरे एै देखत एैं फिर सादी होति एै ।
281474976733753	नाम धरिबे के कारिक्रम एैं तौ कत्त एैं । बैसि पंडित जी एै बुलात एैं बे नाम धत्त एैं । जेई सब कारिक्रम हत एैं ।
281474976733749	नाम धरिबे मि लोगन कूं कैसि बिठाऔ जातु एै । पैले के टाइम मि लोगन एै एक दिसा मि बिठाऔ जातौ लेकिन अब तौ नांइ अब तौ कैसिऊं बैठि जात एैं ।
281474976733756	जनम धरिबे ति लैकि नाम धरिबे मि और कोई जरूरी बात होति एै होई तौ बताई सकतऔ । जैसि बच्चा पैदा होइ तौ बाकी छटी ऊ होति एै । छटी पै बाकी किताबै पैंसिल धत्त एैं जाके लएैं बच्चा पढ़ै और बडौ होइ आंगि चलिकि अच्छी नौकरी लगै ।
281474976733754	पंती ऊ होति एै नाम धरिबे के बादि का मिन्तु एै पंती मि । बाबा परदादा जो होत एैं बे सौने की नसैनीऊ देत एैं ।
281474976733774	मरिबे के बादि किरिआकरम मि कितए कारिक्रम होत एैं बिने नाम एैं और बे काइकू होत एैं मरिबे के बाद किरिआकरम मि भौत से कारिक्रम होत एैं जैसि कि बिनै नैहलाबौ और फिर बिनै आटौ लगाइबौ बिनके मौं पै और बिनके बगल ति आटौ धरिबौ और बिनै अच्छे लै जाइबौ मां बिठाइबौ फिर बिनै मां पै घी बी लगाइकि नैहलाइबौ और अच्छे कपडा पैहनाइ कि तब बिनै लै जात एैं जेई सब कारिक्रम होत एैं बिनए मरिबे के बाद ।
281474976733746	बच्चा हैबे और बाऔ नाम धरिबे तक के कितए कारिक्रम होत एै बिनऔ नाम एै और बे काइ कूं होत एैं । बे बच्चा हैबे के लएैं बाकौ तगा बधतु एै । जे सब होत एैं कारिमक्रम ।
281474976733758	तुमाए समाज मि बिआ के लएैं मौडा मौडी कैसि ढ़ूढे जात एैं । हमाए समाज मि बिआ के लएैं मौडा मौडी एक दूसरे ति बोल्त एैं अपए रिस्तेदान्नति बोन्त एैं हमैं एक लडका देखनौ एै अपई लडकी के लएैं या हमैं लडकी देखनी एै अपए लडका के लएैं । एैसि देखत एैं ढूढत एैं सब जगै अपई रिस्तेदारी मि बतात एैं कि हमाऔ लौडा बिआ लाक है गऔ एै । तौ लडका देखौ लडकी बताऔ कोई ।
281474976733781	किरिआकरम के काम को कत्तु एै और बाएै पईसा को देतु एै । काम तौ खैर सबई कत्त एैं जो आस पडोस के होत एैं लेकिन जो पईसा देत एैं बे बाके चाचा होऔ पापा हुंगे बाबा हुंगे दादा हुंगे या बाकौ बेटा होगौ जो जैसि परिस्थिती सामनि आबै बैसिईं खर्च कत्तु एै ।
281474976733750	नाम धरिबे के कारिक्रम मि का का होतु एै । नाम धरिबे के कारक्रम मि हबन होतु एै । हबन के बाद खानौ पीनौ होतु एै बाके बाद पंडित जी आत एैं । पंडित जी एक अक्षर बतात एैं नाम धरिबे के लएैं औ बा पै फिर नाम धल्लेत एैं ।
281474976733782	किरिआकरम मि और कछू जरूरी बात होई तौ बताऔ । किरिआकरम मि कोई जरूरी बात नांइ पर जाकौ आंतिम संस्कार कत्त एै बाकौ थोडौ सम्मान के संग कन्नौ चइएैं और भगबान ति दुआ करौ कि बाकी आत्मा कूं साती मिलनी चइएैं ।
281474976733770	बिआ की सबई तईआरी को कत्तु एै और बिनै पईसा को देतु एै । बिआ की सब तईआरी बाके लडका बाए के घरबाए कत्त एैं पापा कत्त एैं भईआ कत्त एैं चाचा कत्त एैं दाऊ कत्त एैं । जे सब कत्त एैं और जेई सब रूपइआ देत एैं जित्तौऊ खर्चा होतु एै बिआ के अंदर जेई कि सब कत्त एैं जैसि कि दाबत औ खर्चा लाइट कौ खर्चा सजाबट कौ खर्चा और गाड़ी बाडी जे जित्ती जरूरत पत्ति एै जे सब जाके पापा या भईआ चाचा जेई सब खच्चु कत्त एैं बिआ मि ।
281474976733755	बच्चा जनमिबे ति लैकि नाम धरिबे तक की बिबस्था को कत्तु एै और बाएै पईसा को देतु एै । पईसा बाके घर के आदिमी देत एैं जैसि बाबा भए अम्मा भईं या पापा भए जेई सब बाकी बिबस्था देखत एैं और जेई सब पईसा देत एैं जो खर्चा होतु एै नाम धरिबे के तक और बच्चा पैदा हैबे ति लैकि ।
281474976733765	बिआ मि लोगबाग कैसि बैठत एैं काऊ एक दिसा मि । पैले के टाइम मि लोगबाग बैठत हते । गंगा जी की तरफ पूरब की दिसा मि । अब तौ लोग एैसिई बैठि जात एैं चएैं काऊ दिसा मि मौं करिकि ।
281474976733763	बिआ की रीती रिबाजै और दिना और समै कैसि तै होतु एै । जे सब पंडित जी तै कत्त एैं कौन से दिना का चीज होबैगी तेल कैसि चढैगौ । हद्द कब चढैई और घूरै पै कब जांगे जे सब रीती रिबाज पंडित जी तै करिंगे ।
281474976733778	किरिआकरम मि का सामान लगतु एै । किरिआकरम मि लकडिआ लगति एैं । कन्डा लगत एैं ढैंचा की लकडिआ और मौटी मौटी लकडिआ लगती हैं और घी लगतु एै और कपूर लगतु एै चीनी लगति एै जे सब चीजैं लगति एैं । जे सब सामान लगत एैं किरिआकरम के ।
281474976733779	किरिआकरम कूं को कत्तु एै । किरिआकरम कूं तौ बैसि लडका कत्तु एै । लडका छोटौ लडका कत्तु एै या बडौ लडका कत्तु एै बैसि तौ बडौई लडका कत्तु एै । अगर कोई नईं होइ तौ चाचा कद्देत एैं औ बिनमिऊ कोई नईं होइ तौ रिस्तेदार कद्देतु एै ।
281474976733768	बिआ की रीति रिबाज कूं को कत्तु एै । पंडित जी सब कत्त एैं जो कछु बिआ मि रीति रिबाज होति एै और । बूआ कत्ति एै जो बूआ की रिबाज होति एैं मौसी कत्ति एैं जो मौसी की रिबाज होति एैं और भैन कत्ति एै जौ भैन की रिबाज होति एैं । लेकिन जादातर सबई रीती रिबाज पंडित जी कत्त एैं बिआ के अंदर ।
281474976733760	तुमाए समाज मि बिआ मि का का रीत रिबाज करे जात एैं । हमाए समाज मि बिआ मि भौत सारे रीत रिबाज होति एैं । पुराने जमाने चलौ आइ रऔ एै कि बिआ ति पैलि पूजा होनी एै । फिर बिआ मि पूजा होनी एै हद्द तेल जे सब चढतु एै और लडका बराइत ति जाइबे ति पैलि कूआ के चक्कर लगाबैगौ बामि सीकैं डात्तु एै और अपई अम्मा के पांइ छूतु एै और दईं बतासौ जे सब खाइकि तब घोड़ा पै बैठि कि जातु एै बिआ मि ।
281474976733780	मरिबे के बादि पांत होति एै तौ का का पस्सौ जातु एै । बामि पूआ होत एैं माल पूआ होत एैं खीर होति एै और सब्जी होति एै राइतौ होतु एै और पानी होतु एै । जेई सबरी चीज पस्सी जाति एैं ।
281474976733769	बिआ के बाद पांति होति एै पांति मि का का पस्सौ जातु एै । पांत मि पूडी होति एैं सब्जी होत एैं रसगुल्ला होत एैं दई बूरौ होतु एै राइतौ होतु एै मिठाई होति एै और बाद मि पानी दऔ जातु एै । जेई सब दऔ जातु एै पांत मि ।
281474976733747	नाम धरिबे कू समै और दिना कैसि तै होत एैं । बच्चा पैदा हैबे के बाद तगा बधतु एै बाके सात दिना बाद हबन होतु एै । तब नाम धरौ जातु एै और पंडित जी आत एैं बे कोई एक नाम कौ एक अक्षर बतात एैं बाके अक्षर पै नाम धरे जात एैं ।
281474976733764	बिआ मि किनै किनै बुलाऔ जातु एै । बिआ मि सबन्नि एै बुलात एैं जो आपके गाऔ के होत एैं । आसपड़ौसी बौहारी रिस्तेदार इन सबन्नि एैं बिआ मि बुलाऔ जातु एै ।
281474976733767	बिआ के कारिक्रम मि का का चीज लगति एै । बिआ के कारिक्रम मि भौत सारी चीज लगति एै जैसि जैसि जो कारिक्रम होइ बामि बैसी चीज लगति एै । जैसि सजाबट के कारिक्रम मि बिजली कौ काम होतु एै । हबन के कारिक्रम मि सामिग्री कौ काम होतु एै । खान पीन के कारिक्रम मि खाने पीने की चीज लगति एै । रासन लगता एै ये सब चीजैं । जैसि जो कारिक्रम होइ बामि बु चीज लगति एै ।
281474976733752	बच्चा को नाम को और कैसि धत्तु एै । पैलि तौ पंडित जी धरि कि जात ए लेकिन अब तौ बाके घरबाए । अब तौ पंडित जी केबल एक अक्षर बताइ देत एैं कि जा अक्षर पै नाम धन्नौ एैं और अब तौ बाकी बूआ मौंसी फूफा दादा अम्मा चएैं कोई धल्लेतु एै ।
281474976733771	और कोई जरूरी बात होइ बिआ की सो तौ बताइ सकत औ । बिआ मि तौ सब जरूरी बात होति एैं । मैहत्पूर्ण बात जि होति एै अच्छे ति करौ अच्छे ति रहौ लडाई बडाई नईं होनी चइएैं । जेई सब जरूरी बातै होति एै बिआ मि ।
281474976733748	को को बुलाऔ जातु एै जनमबे पै और बाऔ नाम धरिबे बाए दिना । जनमबे पै बाके घर के अम्मा बाबा दादी बूआ फूफा मामा । और बाके नाम धरिबे के बाए दिना बाके आड पडौसी जे सब बुलाए जात एैं और अम्मा दादा जे सब ।
281474976733759	मौडा मौडी कू को ढ़ूढतु एै । मौडी के पापा भईआ या बाबा फूफा चाचा जे सब मौडा कूं ढूंढत एैं कै कां पै और कैसौ रागबाग एै । जे सब देखत एैं ।
281474976734014	मरिबे के बादि पांत होति एै बामि खीर पूआ और सबजी पस्सी जाति एै ।
281474976733993	मौडा मौंडी एै हमाए घर बाए ढ़ूढत एैं ।
281474976733989	बच्चा जनमति लैकि नाम धरिबे कौ काम पंडित जी कत्त एैं और बिनै दक्षिना देत एैं घरबाए ।
281474976734003	बिआ के बाद पांत होति एै बामि पूड़ी सबजी खीर और मिठाई पस्सी जाति एै ।
281474976733982	सबरे रिस्तेदार और घर बाए बुलाए जात एैं नामु धरिबे बाए दिना ।
281474976733987	नाम धरिबे कौ कारिक्रम पंडित जी कत्त एैं ।
281474976734010	किरिआकरम मि लोग पूरब की तरफ मौह् करिकि बैठत एैं ।
281474976734006	हमाए समाज मि काऊ के मरिबे पै तेरबी करी जाति एै ।
281474976733985	नाम धरिबे बाए कारिक्रम मि हबन सामिग्री और पंडित जी एै बुलाऔ जातु एै ।
281474976733981	नाम धरिबे कौ समैं और दिनां पंडित जी देत एैं ।
281474976733978	हमाए समाज मि बच्चा हैबे और बाऔ नाम रखिबे काजै गाइबे कौ कारिक्रम होत एै ।
281474976734015	किरिआकरम कोई करीबी ई कत्तु एै और बाएै पईसा ना मिन्त ।
281474976733990	बच्चा कौ नाम सई धरौ जएै जि कोसिसि जारी रैह्ति एै ।
281474976733992	हमाए समाज मि बिआ के लएैं मौडा मौंडी देखे जात एैं कि एक बिचपती । बु मौंडी बाएनिएैं लड़का के घर लै जातु एै लड़कएै दिखाइबे ।
281474976733980	बच्चा हैबे और बाऔ नाम रखिबे काजि एकई कारिक्रम होतु एै और बिनए औऊं के नाम बिनैं पैचानिबे काजि होत एै ।
281474976734005	बिआ की जरूरी बात एै कि सब लोग खुस होंइ ।
281474976733986	बच्चा कौ नाम पंडित जी रख्खत एैं अपई पञिका तिं ।
281474976733994	हमाए समाज मिं बिआ मि बरमाला होति एै और सात फेरे लएै जात एै तब सादी होति एै ।
281474976734000	बिआ मि रीती रिबजान कौ तरीका पंडित जी तै कत्त एैं ।
281474976734008	मरिबे के बाद तीन चार कारिक्रम होत एैं । पैह्लै तौ जो इंसान मज्जातु एै बए नभाऔ जातु एै फिर बाके बाद बाकी सेज सजाई जाति एैफिर बाए जलाइबे के लएै लैकि जात एैं ।
281474976734001	बिआ के कारिक्रम मि पांडाल सजा जात एै कर्सी लगाई जाति एैं रिस्तेदारन काजि और भौत सारे काम करे जात एै ।
281474976733979	बच्चा के हैबे ति लेकि और बऔ नाम सखिबे तकि सबरौ कारिक्रम हमाए घर पैई होत एै ।
281474976733995	बिआ के रीती रिबाज पंडित जी तै कत्त एैं और सादी चाएै एक पांडाल मि करी जाति एै ।
281474976733991	हां हमाए समाज मिं मौडा मौंडी बिआ ति पैलि मिन्त एैं ।
281474976734009	किरिआकरम मि जो इंसान मज्जातु एै बाके रिस्तेदार बुलाए जात एैं गाम बाए आत एैं और जो दोस्त बगैरा सब आत एैं ।
281474976734007	जादातर कारिक्रम हमाए घरैई होत एैं ।
281474976733988	पांत होति एै नाम धरिबे के बाद बामै पूड़ी सबजी और खीर मिन्ति एै ।
281474976734016	किरिआकरम मिं रोइबे जरूरी होतु एै ।
281474976733999	बिआ मि लोगबाग कुस्सी नि पै बैठत एैं ।
281474976733997	बिआ के रीती रिबाज पंडित जी तै कत्त एैं ।
281474976734013	किरिआकरम सौ इंसान मज्जातु एै बाकौ कोई करीबी कत्तु एै ।
281474976734004	बिआ की सबई तईआरी घरबाए कत्त एैं और अपने पईसा खर्चु कत्त एैं ।
281474976733998	बिआ मि अपने सबरे रिस्तेदारनि एैं बुलाऔ जातु एै ।
281474976733996	बिआ मिं निरे रीति रिबाज होत एैं और बिनके नाम हद्द चढाई जाति एै और मैंहदी लगाई जाति एै । और फिर बरमाला जे सब रीति रिबाज होत एैं ।
281474976733984	नाम धरिबे के कारिक्रम मि पंडित जी बुलाए जात एैं हबन करबाऔ जातु एै और सबन्नए खानौं खबाऔ जातु एै ।
281474976734012	किरिआकरम मि सामान लगतु एै । लकडी लगति एैं । सेज लगति एै । फूल लगत एैं और आग लगति एै ।
281474976734002	बिआ के रीती रिबाज पंडित जी कत्त एैं ।
281474976733983	नाम धरिबे लोगनिए एक लाइन मि बिठाऔ जातु एै सूरज की तरफ मौह् करिकि ।
281474976734011	किरिआकरम करिबे तरीका एै कि पैलि जो सेज होति एै बाएै धत्त एैं लकडिन पै फिर बाके बाद पंडित जी मंञ पढत एैं फिर बाकौ करीबी जो होतु काएै बु बा सेज मिं आग लगातु एै । सौई किरिआकरम है जातु एै ।
281474976733859	किरिआक्रम के काम तौ बाके जो घर बारेई सब मिलिकि कत्त एैं औ बहां आदिमी जो सबन्ति आगि रैह्तु एै करिबे के तांईं जराइबे बराइबे के तांईं नभाइबे धुबाइबे के तांईं कपडा पैहनाइने के ताईं तौ बु बडौ बालक बडौ लडका होतु एै उनकौ । अगर बडौ लडका नांइ हतौ लौडीआई तरफ सि कोई है जाऔ लौडीआ चांहति एै तौ औ बेऊ कोइ नांइ तौ नाते रिस्तेदार मै सै ममान फमान की तरफ सै कोई न कोई कद्देतु एै तौ बेई सब कत्त एैं औ जो किरिआकरम मि जो सब पैसा बैसा लगतु एै तेरईं बेरईं मि पैसा बैसा लगतु एै तौ बाई आदिमी के रसते रिस्तेदार होत एैं बे कत्त एैं । अगर बाए लौडा बौडा पैलि तौ लौडा बौडा ई कत्तए जौज्जारि कि अगर बे लौडा बौडा नांइ बाके जां कोई नांइ तौ रिस्तेदार फिस्तेदार कत्त एैं । बन्ना सबन्ति पैलि तौ उनई कौ हक्कु होतु एै जो लौडा एैं कि बेई सब करैं तौ बेई कत्त एैं हमारे यहां तौ ।
281474976733853	किरिआकरम मि जि मान लेऔ कि दौ मेन किरिआकरम होत एैं एक तौ जराइबे बारौ और एक जो तेरईं होती कां एै बु तौ जराइबे बारे मि जि मान लेऔ कि जा जा के पास खबर पौंच जाति एै तौ बे सब आत एैं जैसि गाम बारे तौ सब होत एैं । जाके बाली बच्चा एैं भाहर रैह् रएैं तौ बे सब आइ जात एैं तौ बे सब होत एैं और आस पासन के गामन कौ जिनै खबर मिन जाति एै बे खतम है गए एैं । उनकी स्साल है रई एै तौ बेऊ सब आइ जात एै । रिस्तेदार फिस्तेदार सब आइ जात एैं औ तेरई मि तौ बाके जां नौ मान लेऔ कि जब बु पांत होति एै तौ सबऔ कुं बुलाऔ जातु एै । तेरईं मि तौ सबकौं बुलाऔ जातु एै गाऔ बारेऊ होत एैं रिस्तेदार ऊ होत एैं औ बाके जान पैचान बाए जो आदमी होत कां एैं अगर लोकल के गाऔ के जे सब होत एैं ।
281474976733836	हमाए समाज मिं बिआ के तैं लौडा लौडिआ एैसै ढूढे जात एैं कि बीच मिं बिचौलिआ होतु एै कोई । या रिस्तेदार बिस्तेदार कोई बिचौलिआ बन्तु एै । तौ बु सादी करबातु एै । जैसि नौ मान लौ काऊ गाऔ मिं काऊ गांम की दूसरे गांम मिं रिस्तेदारी एै । तौ बामिं सि कोई बिचौलिआ होइगौ बु सादी करबाएैगौ ।
281474976733841	बिआ के रीती रिबाजन कौ दिना और समै । निस्चित कत्तु एै बु पंडित कि जा तारीख कौ जा दिन कौ जा समै पै तुमाई भामरै परंगी या कछु और होइगौ है न या बिदाई होइगी बिदाई कौ टैम एै तौ जि टैम एै बिदाई कौ जा टाइम पै सुभ मानी जाइगी । तौ जे सब दिना औ समै जो एै पंडित नस्चित कत्तु एै । और जैसि हद्दि बद्दि मिल्ति एै ताई मुदि रई एै या गीत गाए जांगे या तेल चढैओ । तौ जिनकौ टाइम तौ सब घरबखरी के जो औरतैं बौरतैं होती का एैं घर मैं । तौ बेई सब अपने आप निस्चित कल्लेती एैं कि काऊ के जां ताई दिन मि ऊ मुदि जाति एै काऊ के जां राति मि औ काऊ के जां हद्द जो एै सांझ के तै चढति एै तेल और काऊ के जां दुपैर कूं चडि जातु एै । तौ जि तौ अपए अपए हिसाब सूं निस्चित कल्लेत एैं । लेकिन मगर बो जो होतु का एै का कैत एैं भामरै बामरै पन्न कौ टाइम होतु एै बिदाई कौ टाइम होतु एै और जो लडका जब दरबाजे पै आतु एै तौ बाकौ तिलक बिलक कत्तु का एैं बु टाइम होतु एै जी टाइम निस्चित कत्तु एै पंडित ।
281474976733857	किरिआकरम जो जराइबे बारौ होतु एै बामि तौ जो बडौ लडका होतु एै या जो लौडा होत एैं बाके । जो आदिमी मरौ काएै जो औरत मरी का एै बे कत्त एैं बेई जराइबे बराइबे कौ काम कत्त एैं । और अगर काऊके लौडा नांइ तौ लौंडिआ एैं बे कद्देत एैं या फिर काऊके रिस्तेदार फिस्तेदार होत एैं । जैसि मामन की तरफ सै । तौ बे कद्देत एैं जेई लोग कत्त एैं बाको किरिआकरम जो अंतिम संस्कार अंस्कार जो बोन्त काइं बेई जो होत का एै बेई कत्त एैं ।
281474976733851	मरिबे के जादा किरिआकरम तौ नौ मान लेऔ कि जा आदिमी को जो मरि गऔ का एै बाकौ खेत होतु का एै बामि होत एैं और समै की बात नौ इं जि जैसि बाके हितू रिस्तेदार और जाके बालक बच्चे होत का एैं । बे अगर बाई समै पै घर पै हैं टाइम पै आइ गए बे तौ उन सबन्ने अगर मुह देख लऔ बाकौ तौ बाई टाइम कद्देत एैं नइ तौ फिर एकाद दिन रुकत एैं जैसि काऊ के बालक बाहर काम कर रएैं घर काम कर रएैं । काऊ की लौडीआं दूसरे गाऔ मि बिआई भई एैं तौ मन्ति आइबे मि उन्हैं टाइम लगि जातु एै । तौ जब बे आइ जात एैं और जब बे बाकौ मौह् देखि लेत एैं लास्ट बार तब बाके हिसाब सै तब फिर कद्देत एैं बाऔ किरिआकरम लास्ट किरिआकरम ।
281474976733827	नाम धरिबे के तांईं लोगन के तैं पूरब दिसा मि मौंह् बिठाऔ जातु एै ।
281474976733846	बिआ के रीती रिबाजन कूं तौ पंडित ई कत्तु एै । और कछू रीती रिबाज होत एैं जैसि तेल चक्की बु नाऊ कत्तु एै । तौ जे पंडित नाऊ जेई तीन चार लोग होत एैं बेई कत्त एैं का कैत एैं बाकू । बिआ के सब रीती रिबाजन कूं ।
281474976733854	किरिआकरम मिं लोग काऊ एक खास दिसा मिं तौ न बैठत एैं मगर बु जराइबे बारौ होतु का एै बामि । आदिमी कौ जो मूडु होतु का एै बु पूरब दिसा मिं रखौ जातु एै मे हिसाब ति । और जो तेरईं होति एै बामिं तौ कोई खास दिसा न होति एै बैठन की । बामि तौ कैसिऊ बैठि जऔ जैसि तुमाऔ सुबिदा होइ जैसि तुमाई जगै होइ ।
281474976733837	बैसि तौ जो रिस्तेदार बिस्तेदार होत काएैं बेई बतात एैं कि बहां एक मौडा है बाके तै तुम देखि लेऔ । बु तुमाई मौडी के तै सई रएैगौ या फिर जिनकौ लौडा होतु एै तौ बासि कैत एैं कि बहां एक लौडीआ है । तुम देखि लेऔ लौडीआ सई है तुमैं पसन्द आएै तौ सादी कल्लीऔ नएैं तौ नएैं करीऔ तौ एैसै कत्त एैं । और एक जेऊ होतु एै कि बिचौलिआ होत एैं बीच मि सादी करबाइबे बाले तौ बेऊ ढूंढि कि लात एैं । बे जाई काम पै रैह्त एैं तौ बे देखत रैह्त एैं गाम मिं किनए बालक बडे है रएैं किनके बालक नां बडे भएैं कौन सादी करिबे बाऔ एै कौन सादी नएै करिबे बाऔ एै । तौ बे पूरी खबर रखत एैं दौनौं तरफ ति तौ बेई मतलब जो है बिचौलिआ होत एैं तौ नौं मान कि चलौ कि बिचौलिअई ढूंढत एैं एक तरै सि मौडी मौडन के तै सादी के तईं ।
281474976733840	बिआ मि तौ केऊ रीती रिबाज होत एै और नाम पूछौए तौ नौ मान लेऔ सबन्ति पैलि दुएै लौडा लौडिआ एक दूसरे कू देखत एैं । फिर इनकी एक दूसरेन की गोद भरी जाति एै फिर पीयरी चिट्ठी पौंचाई जाति एै एक दूसरेन के जां । फिर बाके बाद लगन जाई जाति एै । लौडा लौडिआ के जां दौनौ एै हद्द चढति एै तेल चढतु एै ताई मुदति एै एैसे कई प्रोग्राम होत एैं । फिर जाके मान लो कि लौडा लौडिआ के जां बरात लेकि जातु एै । जब लौडिआ आइ जाति एै लौडा के जां तौ मडऔ बडऔ सरऔ जातु एै । बाके बाद फिर गीत बीत गाए जात एैं घर बखरी बाएन कूं बुलाइ कि । दाबत होति एै । जेई सब प्रोग्राम होतु एै और का होतु एै ।
281474976733855	जराइबे बाऔ किरिआक्रम होति एै बामि नौं होति एै कि जो बालक होत एैं । जो लौडा होत एैं बा आदिमी के या औरत के तौ बे जरात एैं । बे बहां गंगाजल या पानी भरिकि गोल गोल चक्कर लगात एैं भाह्स्सिै और जासि मतलब नु कैत एैं नबाइ देउ फिर बासि पैलि बा लास के तै नभाऔ जातु एै बाए नए कपडा पैनाए जात एैं । बाऔ सामान जो होतु एै जैसि कि औरत एै तौ बाके । बिछीआ बाके चूडीआं बूडीआं कंगन फंगन सब बाए धद्दए जात एैं लाली लिपिस्टिक । आदिमी होतु एै तौ बाके जो सामान होतु एै बे धद्दए जात एैं तौ नौं मानी जाति एै कि अगले जनम मि जब हुगें तौ इनै जरूरति होइगी तौ जे पेह्न लिंगे तौ जेई सब सामान धरिकि बाके जो लौडा हौत एैं बे सब मां गोल गोल चक्कर लगात एैं पानी ति फिर बाके तै हाथ सि जराइ देत एैं । बस्सि इत्तौई किरिआकरम मिं होतु एै और कछू नांइ ।
281474976733843	हां बिआ मि जां भांमरैं पत्ती एै मां पूरब दिसा मिं मौं करिकि बैठत एैं और दाबत फाबत मिं तौ अपऔ हिसाब किताब देखि लेत एैं बैसि बैठि जात एैं जैसी जगै एै बैसिं । और काइसि बैठत एैं । एैसिईं बैठत एैं और कैसि बैठत एैं ।
281474976733847	हां बिआ के बाद पांत होति एै । औ पांति मिं पूड़ी रैती एैं हमाए जां तौ कासीफल रैतु एै । आलू कौ साग रैतु एै । लड्डू होत एैं कोई जाकी मतलब कि जैसी बू है । कस्सकतु एैं बु नइ कस्सतु एै बु लड्डू कद्देतु एै । नांइ लड्डू कत्तु एै तौ दई बूरौ तौ होतु एै सब के जां । सन्नाटो रैतु एै । जेई सब चीजैं रैती एैं चार पांच और का एै ।
281474976733845	बिआ के जो मेन कारिक्रम होतु एै न जां भांमरै पत्ति एैं बहां होति एै पूजा और बहां आंच जराई जाति एै आग । बाके आमनै सामनै लडकी लडका सामने सात फेरा लेत एैं । तौ बामि पूजा बूजा की सामिग्री जब सोबति नांइ कि पूजा हबन सामिग्री होति एै । कपूर होतु एै तेल होतु एै देसी घी होतु एै कलाबौ फलाबौ होतु एै तौ जी सब सामान लगतु एै मडऔ फडऔ बनाऔ जातु एै बु सब लगतु एै और दाबत फाबत होति एै तौ बामि फिर खाइबे पीबे बाऔ सामान लगतु एै अपनौ और का एै ।
281474976733829	नाम धरिबे के कारिक्रम मि तौ नौ मानि कि चलौ कि जो पूजा पञी कौ सामान होतु एै बु सब लगतु एै क्योकि बा दिन पूजा होति एै न हबन होतु एै । तौ जो सामान हबन मि लगतु एै बु सब लाऔ जातु एै । जैसि हबन सामग्री होति एै घी होतु एै कलाबा होतु एै । गोला चढतु एै बमि हबन मि तौ जि सब सामान लगतु एै कपूर लाऔ जातु एै तौ जि सब लगतु एै और फिर बाके बादि मि तुम पस्साद बस्साद बाट रएऔ तौ बाके तै तुमाऔ सामान लगैगौ खाइबे पीबे बाऔ सामान । बाके बाद मि अगर तुम डसठौंन कर रए औ डसठौंन कौ मतलब जि है गऔ कि तुम दाबत कर रए औ तौ फरि दाबत को सामान होतु एै खाइबे पीबे बारो बु सब लगतु एै ।
281474976733860	किरिआकरम मिं और तौ कछु नांइ एक तौ बु जराइबे बारौ होतु एै बाके बाद तेरईं होती एैं । फिर बाके बाद पैली होली पै सब मिलन आत एैं । होली पै मिलिबे जरूर आत एैं गे पैली होली एै जो आदिमी मरि गऔ । चलौ भईआ पैली होली एै । बाके जां मिलि आऔ पैह्ली होली पै । तौ जेई मिलिबे जात एैं । बाकी तौ और कछु जरूरी नांइ जेई सब होतु एै बस्स ।
281474976733830	बच्चा को नाम तौ बाके सब नाते रिस्तेदार बाके मम्मी पापा औ जे सब मिलिकि रखत एैं कि कौन सो नाम सई एै कि कौन सो नाम सई नांइ कौन सो नाम छोटो एै । कछु तौ बिरकुल छोटो नाम धत्त एैं और आजकल तौ जैसि नए नए नाम चल रए का एैं फैसन में तौ बे सबऊ धरे जाइ रएैं । उम्म और कैसै धरो जातु एै जि बतातु एै पंडित । पंडित ढ़ुन्तु एै बाकी जा दिन बालक पैदा भऔ एै बाकी रासी के हिसाब सै कि अ रासी कि पै ऊ रासी पै जा रासी पै जि रासी पै तौ बा रासी के हिसाब सै बा बालक को नाम धरौ जातु एै ।
281474976733852	हमाए जां तौ मरिबे के बाद जराइबे कौ कारिक्रम होतु एै कि स्साल कद्दई बाके तै बौन्त एैं स्साल कद्दई और काइकौ होतु एै क्योंकि हमाए जां जो परमपरा चली आई एै बाइके हिसाब सु होतु एै । जो आदिमी हमाए जा मज्जातु एै तौ बाके तै जरात एैं और बालक होतु एै तौ बाएै गाढि देत एैं । और फिर जो आदिमी मरि गऔ एै बाकी बऊ अऊ एै तौ बाकी चूडीआं ऊडीआं तौड कि बु फिर बैसी सफेद रंग की धोबती बोबती पैन्नी पत्ति एै । औ मरिबे के बाद फिर तैरै दिन बाद तेरईं होति एै तौ नु मानौ जातु एै कि तेरईं मि मतलब बाकी आतमा कूं सांती मिलैगी तासू तेरईं कद्देऔ तेरईं मि पुरी बुरी खबाई जाती एैं । जिते रिस्तेदार होत एैं उनके तांईं तौ बाके तै बोन्त एैं तेरईं कद्दईं तौ जेई सब होतु एै हमारे जां बस्स ।
281474976733831	नाम धरिबे के कारिक्रम कों तौ नौ मान कि चलौ पंडित कत्तु एै । बम पूआ बूजा होति एै तौ पंडित कुं बुलाइ कि लात एैं और बेई पूआ बूजा हबन फबन सब बेई कत्तु एै ।
281474976733839	बिआ के जो रीती रिबाज के कारिक्रम होत एैं जो जिनके जां बिआ है रऔ एै । तौ उनके यहां जो आंगन होतु का एै गामन मिं घर के । जो पुराने पुराने घर बने का एैं उनमि आंगन होतु बडौ बडौ तौ बाई आंगन मिं होतु एै सब के जां । औ बाई आंगन मिं बु आंगन कैसौ होतु एै घेर बेर नइ । बु घर को आंगन होतु एै जां पै चौका बौका होतु काएै बां पै तौ बाई मैं सब रीती रिबाज करे जात एैं ।
281474976733824	हमाए जां पै एकई कारिक्रम होतु एै औ बाको बोल्त एैं अज्ञारी धरी जाएैगी । औ कछु लोग जेऊ बोन्त एै कि बालकन को नाम धरौ जाएैगौ । तौ हमाए जां तौ जि एक ई कारिक्रम होतु एै और बे क्यू होत एै क्योकि नाम धन्नौ एै बालकन कौ जासै होत एैं और एक परम्परऊ चली आइ रई एै घरबखरी की सबन के पैले सि ईं नाम जाई सि रखे जाइ रएैं कि पंडित आएैगौ । तौ बाके हिसाब सै बु रासी बताएैगौ कि जासै तुम नाम धस्सकतऔ तौ नौ कै सकतऔ कि तुम परमपरऊ एै घरबखरी की ताके मारै जि कारिक्रम होत एैं ।
281474976733828	नाम धरिबे के कारिक्रम मिं बालक के जो मम्मी पापा एैं और जो घर बखरी के जो रिस्तेदार एैं बे सब आत एैं । तौ मम्मी पापा नहाइ धोइ कि हबन कन्न के तएैं बैठत एैं पंडित के साथ । और हबन होतु एै और फिर सबके तएैं कलाबा बांधौ जातु एै । पस्साद बांटौ जातु एै और । मतलब पूड़ी बूडी बनी होती एैं समैं पै बे सब खबाई जाती एैं बस जेई होतु एै ।
281474976733842	बिआ मिं तौ घर बखरी के गाऔं के सब जान पैंचान बारे और जिनतै तुमारौ बिऔहार चन्तु एै । बे सब आत एैं । रिस्तेदार आत एैं दूर दूर सै तुमाए जो रिस्तेदार एैं । बे सब आत एैं और कुन्नै बुलाऔ जातु एै । सब घर बखरी के नाते रिस्तेदार सब आत एैं और का एै ।
281474976733825	नाम धरिबे के टाइम समै और दिना एैसौ चुनो जातु एै कि पंडित के तै टाइम बताऔ जातु एै कि हमारो बालक जा बजि कि जा दिना के और जा टाइम पै भऔ एै । तौ बाके हिसाब सै फिर पंडित जो है अपनी पञा निकलतु एै और बाके हिसाब सै ग्रह नक्षञ बगैरा देख दाख कि बतातु एै कि जा दिन जा टाइम पै बालक को नाम धरौ जाइगौ । तौ हमारे यहां एैसि मतलब जा हिसाब ति मतलब बालकन को नाम रखौ जातु एै ।
281474976733833	बच्चा के जनम लैबे ति लेकि बाके नाम धरिबे तक कौ सब इन्तजाम तौ बाए घर बारेई कत्त एैं और कौंन कत्तु एै । जा का कैत एैं जा औरत के बालक भऔ एै । बाकौ पती होइगौ बोई सब इंतजाम करैगौ । या बालक के दादा होंगी दादी होंगी चाचा ताऊ होंगे । बेई सब इंतजाम कत्त एैं और को कत्तु एै ।
281474976733856	जो जराइबे बारौ किरिआकरम होतु एै बामि तौ सामान का का लगतु एै बामि मिट्टी कौ तेल लगतु एै जराइबे के तांईं और का कैत एैं लकडिआं लगती एैं लकडिअन पै रख्खकि सरीर जराऔ जातु एै । गंगाजल लगतु एै पानी क्योकि पानी सि बु सरीर नभाऔ जातु एै । कपडा लगत एैं क्योकि उन्हैं नए कपडा पैह्नाए जात एैं औ उनके जो सामन होत एैं बु और एक बु होति एै । जापै रख्खकि सबके तै लै जात एैं बाएै चार आदिमी पकडि कि तौ एक बु लगति एै बु बनाई जाति एै लकडिन सै काट काट कितौ जेई सब सामान लगतु एै जराइबे के तांईं औ जो तेरईं होती एैं बामि तौ भईआ नौं मान लेऔ खानौ पीनौ होतु एै । आत्मा की सान्ती के लै लौगन के तै खबाऔ जातु एै तौ बाईमि जो पूडी बनती एैं बु आलू साग की सबजी और कासीफल जेई सब लगतु एै बमि बस्स जेई होतु एै ।
281474976733826	बालकन के जब नाम धरे जात एैं तौ पंडित आइ कि पूजा कत्तु एै तौ बा पूजा मिं घर बखरी के सब लोग होत एैं । मम्मी पापऊ होत एैं चाची चाचऊ होत एै और धरबखरी के आस पास के जो लोग एैं । बेऊ सब होत एैं और पूजा मिं आत एैं और रिस्तेदार ऊ आत एैं जैसि मामा है गए । नाना आइ गए या मांइ आइ गईं तौ रिस्तेदार ऊ सब लोग आत एैं अगर बाकी बूआ हैं फूफा हैं तौ बेऊ सब आत एैं तौ जो रिस्तेदार एैं और घरबखरी के जो लोग एैं बे सामिल होत एैं नाम धरिबे मिं ।
281474976733823	बालक जब पैदा होतु एै तौ बाऔ टाइम नोट करकि जब पंडित कूं दिखाऔ जातु एै । तौ बा टाइम के हिसाब सै पंडित टाइम डिसाइड कत्तु एै कि जा टाइम पै बालक कौ नाम धरौ जाइगौ और जब नाम धरिबे जब पंडित आतु एै । सबके घरन मि एक मढ़ा होतु एै जो मेन मढ़ा होतु एै तौ बाई मढ़ा मि औ बु सबके जां बडौ बडौ होतु एै । गामन मि हमारे जां सबके यां बडे बडे मढ़ा होत एैं एक तौ बाई मढ़ा मि सारौ कारिक्रम होतु एै बईं हबन बबन पूजा बूजा जो होति एै तौ बाई मढ़ा मि होति एै सबन के घरन मि ।
281474976733838	हमाए जां बिआ मि पन्द्रै बीस दिनऔ कारिक्रम होतु एै । पैलि तौ सबन्ति पैलि बु पीली बीली चिठ्ठी पौंचाई जाति एै । जब गोद बोद भरिकि आत का एैं लौडीआ की और लौडीआ बारौ जब लौडा के घरै आइ जात का एैं तौ सब देखाभारी है जाति एै तौ बु पैली दफै । बू पौचाई जाति एै बाकूं बोन्त एैं पीली चिठ्ठी फिर लगुन बगुन जाति एै फिर एक दिन बराइत जाति एै मगर बातिऊं पैलि भौत सारे काम होत एैं तेल चढतु एै ताई मुदति एै गीत होत एैं । तब कऊं जाइकि बरात जाति एै । औ बरात जाने के बाद फिर जब बु लडका एैं बु बऊ लिआतु एै घरै । तोऊ बाके बादिऊ कई कारिक्रम होत एैं । जैसि कि मडऔ सिराऔ जातु एै तौ जेई सब कारिक्रम होत एैं हमाए जां ।
281474976733849	और तौ कोई जरूरी बात नांइ हमाए गांमन मिं तौ भईआ दस पन्द्रैं दिन कौ प्रोग्राम होतु एै । पैले ति बिआ के पैले ति और बिआ के बाद । हसी खुसी कौ माहोल रैह्तु एै खूब दाबत फाबत होति एै । और निरे बु होत एैं कारिक्रम होत एैं बिआ मिं । बिआ ति पैलिऊ और बिआ ति बादि के ऊ । तौ जेई सब होतु एै ।
281474976733832	हां पांति होति एै । पांति होति एै औ बाके तएै हमाए जां दाबत बौन्त एैं । और बामिं का का मिन्तु एै हमाए जां तौ कासीफल रैतु एै आलू साग की सब्जी रैति एै पूडी रैती एैं । सन्नाटो रैतु एै औ घी बूरौ रैतु एै बस्स । और काऊ के जा बालक भऔ एै या बालिका या लौडीआ भई एै । तौ कोऊ कोऊ का कैत एै लड्डू कद्देतु एै या रसगुल्लऊ कद्देतु एै तौ जेई होतु एै हमाए जां तौ ।
281474976733850	हमाए समाज मि जब कोई मज्जातु नांइ तौ बा बखरी मि औ बाए घरै खाना नाएै बन्तु एै दूसरे के घर तन्ति खाना जातु एै तब बे खात एैं । तीन चाद्दिना उनके जा खाना नां बन्तु एै । दूसरे जो घर होत नांइ बे कबात एैं उनके तएैं औ फिर बाके बाद जा आदमी की लास होति एै बाके तै बाके खेतन मि लै जाइकि जराऔ जातु एै और अगर बालकु एै तौ बा बालक के तै गाड देत एैं औ बड़ौ बूडौ आदमी होतु एै बाके बाद खेतन मि लै जाइकि जराइ देत एैं । बाति पैलि बाके रित्तेदार बाके बच्चा फच्चा सब आत एैं बाके तै देखन कै तै फिर जब बाकौ मौं देख लेत एैं लास्ट बार तब बाके तएैं लै जाइकि जराइ देत एैं ।
281474976733858	हां मरिबे के बाद पांत होति एै बाके तै हमाए जां तेरई बोन्त एैं तौ बामि नो मान लेऔ पूडी होती एैं । पूरी होतिई एैं पांति मि तौ होतीई एैं पूरी हैं न फिर आलू साग की सबजी होति एै और कासीफल होतु एै बस्सि जेई दुएै चीजैं रंधती एैं । अगर कोई जबान आदमी मरौ एैं तौ जेई दुएै चीजैं होती एैं औ जैसि कछु होतु नांइ बडे बूडे मरि जात एैं जो कोई नब्बै साल जी गऔ ताके बाद मर्रऔ एै कोई अस्सी साल बाद हैं न तौ बाके तएैं जो लौडा बौडा होत एैं उनके तौ बे खुसी खुसी मि लड्डू बाटत एैं कि चलौ हमाए जो पापा एै या हमाए हिस्सेदार बगैरा ए बु । उन्नि एक भरी पूरी जिंदगी जीई । बाके बाद बे मरि गए तौ बाऊ खुसी मि होति एै तौ जेई सब होतु एै और कछू नांइ ।
281474976733834	बालक जब जनम लै लेतु एै और जब तक बाको नाम ना धरौ जातु एै । तब तक बा बालक के तै एकदम बचाइ कि राखत एैं भाहर जादा ना लै जात एैं । नौ कैत एैं कि कोई नजर माद्देगो एैसि मतलब मान्त एैं हैं न । और जो जाकी बाकी मम्मी होती एैं बा बालक की बाऊ के तै भाहर ना जान देत एैं जब तक बाको नाम ना धरौ जातु एै या जब तक बाकौ हबन ना है जातु नाम धरिबे कौ तब तक तौ जेई एक एै और तौ कछु नांइ ।
281474976733822	हमाए समाज मि जब बालक होतु एै तौ जा टैम पै बु बालक भऔ एै बु टैम नोट करौ जातु एै औ बु टैम लै जाइकि पंडित कु दऔ जातु एै । तौ बा टैम के हिसाब ति पंडित एक दिन फिक्स कत्तु एै कि जा दिन बालक कौ नाम धरौ जाइगो औ बा दिन पंडित आइकि कथा बथा कत्तु एै । तौ जा पूरे हिसाब किताब के तांईं बोलो जातु एै कि बालक की अज्ञारी धरी जाइगी मतलब की बालक कौ नाम धरौ जाइगौ औ बाके हिसाब तैई फिर पंडित रासी ढूंन्तु एै बालक की जा टाइम पै बालक भऔ एै कि का रासी सै नाम होइगौ । तौ बाई के हिसाब ति पंडित जो एै रासी बतातु एै कि जा रासी पै तुम नाम धस्सकतौ जा बालक कौ या लौडीआ भई एै तौ जा लौडीआ कौ । तौ जि बा रासी के हिसाब सै ई बाके भैंन भइआ या चाची ताऊ या जो रिस्तेदार बगैरा अब हत का एैं । बे बाकौ नाम धद्देत एैं तौ हमाए साइड मि जि जि होतु एै बालक कौ नाम धरिबे के ताईं ।
281474976733844	बिआ के रीती रिबाजन कौ तरीका जो होतु एै कि उनै मतलब जरूरी तुमै कन्नौ एैं । जैसि कि पीअरी चिट्ठी एै बु तुमै पौंचानी एैं । तेलु एै हद्दि एै ताई मुदनी एै बु चढनी एैं । क्यूंकि ज होती एैं मान्यताएैं होती एैं उनकी घरबखरी की कि जे जै तुमै कन्नौई एैं । तौ जेई तरीका होतु एै रीत रिबाजन कौ और बे सब टाइम सै हौती एैं । हद्द चढैई तेल चढैऔ ताई मुदैई या गीत गाए जांगे या भामरैं पडंगी बिदाई होईगी तबई बौ सुभ मानी जाति एैं हैं ना तौ जेई तरीका होतु एै रीती रिबाजन कूं और का एै कन्न कूं । बामि कछु ब्रत फ्रत ऊ रख्खे जात एैं । बत्तेऊ रैह्त एैं लोग जो उनै कत्त का एैं तौ जेई सब एैं तरीका रखन कूं और का एै ।
281474976733835	हमाए समाज मिं मौड़ा मौड़ी सु नाइ मिन्त एैं । लेकिन अब जो नए बालक आइ रएैं । नई फैसन के बालक आइ रएैं या लोडिआ आइ रई एैं बे कैन लगी एैं कि हमैं सादी करिबे सु पैलि एक बार मिलाऔ जाएै तौ सादी करंगे नाइ करंगे । तौ नौ मानिकि चलौ कि अबै बे मिलन लगे एै सादी सै पैलै ।
281474976733848	बिआ की सब तईआरी का एै बुई घरबखरी बारे मिलिकि कत्त एैं सब । और बेई घर बारे ई सब पैसा देत एैं उनके तै और कौन देत एैं । बेई खेती बेती होति एै बाइमिसि बचाइ कि रख्खे होत एैं पैसा बाई मि सि सब खच्चु कत्त एैं । हां काम करबाने के सु सब घरबखरी बारे रैह्त एैं जैसे कि आटौ बाटौ छन्तु एै । बजार सै टिन लाने एैं बाके डालडा बालडा घी के या और कछु लानौ एै सामान ठन्डाई बन्डाई के तै सरबत फरबत बनानौ एैं तो बे सब । घरबखरी बारे लोग कत्त एैं और को कत्तु एै ।
281474976734756	पईसा बाके घर बाले देत एैं ।
281474976734738	पंडिज्जी कत्त एैं ।
281474976734741	नाऊ पंडित के हिसाब सि काम होतु एै कोई उदमबाजी नां होति ।
281474976734719	पंड्डिजी एै बुलाबत एैं । दिना दिखबाबत एैं जनमपञी बनती एै । मूल पडै तौ छोटी मोटी दाबत होति एै ।
281474976734736	घर पै करे जात एैं ।
281474976734745	लडकए लडकी के घर कौ मुखीआ जैसि पापा होइ या बाबा होइ ।
281474976734726	हबन कौ सामान लगतु एै । दाबत कौ सामान लगतु एै । नाई पंडित आत एैं ।
281474976734720	रित्तेदार आबत एैं । दाबत होती एै । कारिक्रम घर पै होतु एै ।
281474976734755	मरिबे के बाद पांति मि माल पूआ होत एैं हमाए जां खीर होती एै सबजी होती एै ।
281474976734729	हां दाबत होती एै । पूडी मिलती एै सब्जी मिलती एै और कोई मिठाई भी मिलती एै ।
281474976734754	जो मत्तु एै बाके घर परिबार के लोग कत्त एैं या बाके लडका करैं ।
281474976734728	पंडित और नाई ।
281474976734732	नईं मिलती एै ।
281474976734757	कोई खास बात नां होति ।
281474976734721	मूल पत्त एैं जा बजै सै कारिक्रम होतु एै ।
281474976734725	नाम धरिबे के कारिक्रम मिं हबन बाऔ सामान होतु एै । कलाबा सामिग्री आम के पत्ता लकडी घी सब होतु एै ।
281474976734727	रासि के हिसाब ति पंडित धत्तु एै ।
281474976734733	हमाए समाज मिं मौंडी कौ बाप लौंडा ढ़ून्तु एै ।
281474976734734	नएैं ।
281474976734753	कारिक्रम मिं लकडिआं लगती एैं भण्डारे मिं दाबत कौ सामान लगतु एै ।
281474976734730	घर का मुखिआ जैसि बच्चे के बाबा दादा दादी या मां बाप ।
281474976734739	दोस्तन एै बुलात एैं रित्तेदारन एै बुलात एैं पडौसिन एै बुलात एैं गांम के नि एै बुलात एैं ।
281474976734750	रिस्तेदार बुलाए जाबत एैं और बादबाकी तौ अपने आप घुमबे आत एैं ।
281474976734722	जि तौ पंडिज्जी बताबत एैं ।
281474976734744	पांति मिं चाबल पस्से जात एैं । दही बूरौ पस्सौ जातु एै । पूडी पस्सी जाती एै । सबजी पस्सी जाती एै मिठाई पस्सी जाति एै और बडी पांति काजि या तौ बफर होतु एै ।
281474976734751	नईं कोई जरूरी नईं एैं एक दिसा मिं बैठौ चांएैं इच्छा बां बैठौ ।
281474976734735	हमाए समाज मिं टीका चढतु एै । मांडौ होतु एै । तेल होतु एै । बराइत होति एै । मंडप होतु एै । सब होतु एै ।
281474976734742	दाबत कौ सामान हबन कौ सामान जेई चीज लगति एैं बस्सि ।
281474976734747	मिरबे पै गांऔं के लोगबाग इकठ्ठे होत एैं फिर बाकौ आंतमा की सांती देत एै फिर बाएै जराइ आबत एैं ।
281474976734749	दाग लगाऔ जातु एै फिर औरतैं नहाती एैं । बाल बन्त एैं । दाल चाबल बन्त एैं फिर बाद मिं भण्डारौ होतु एै । तेरमई बगैरा ।
281474976734752	कछू नांइ सांती सु सब कछू करौ जातु एै ।
281474976734743	रित्तेदार कत्त एैं नांऊ पंडित कत्तु एै ।
281474976734746	हां और कोई जबरई नांइ जामि ।
281474976734748	खेत पै होतु एै या फिर जमुना जी पै होतु एै ।
281474976734724	पूरब दिसा मिं गंगाजी मांऊ मौह् करिकि बैठत एैं ।
281474976734737	सबसै पैलैं टीका चढाऔ जातु एै तौ लडकी बाएै बाके घरै जात एैं लडका के ।
281474976734723	जनबे बाए दिना काम बाई आति एै साफ सफाई करिबे कुं और नाम धरिबे पंडित जी आबत एैं ।
281474976734740	हमाए जां तौ चईं कोई कऊं बैठै कोई परेसानी नांइ ।
281474976734040	बिआ के कारिक्रम मिं बौहत सारी चीजैं लगत एैं ।
281474976734033	हमाए समाज में बिआ तै पैले हल्दी मैंहदी संगीत लगन जैमाला जे सब फंगसन करे जात हैं ।
281474976734052	किरिआकरम घर के बेटो कत्तु एै ।
281474976734017	हमाए समाज मिं जब बच्चा होतु एै तौ बाके ।
281474976734022	नाम धरिबे के लएैं लोगन के तईं बा दिसा मिं बिठालो जातु एै जांमै पंडित जी बतात एैं ।
281474976734041	बिआ के रीती रिबाज घर के बडे करत हैं ।
281474976734045	हमाए समाज मिं काऊ के मरिबे पै बाकौ अंतिम संस्कार होतु एै ।
281474976734021	नाम धरिबे बारे दिना पंडित जी और अपने रिस्तेदारौं को बुलाऔ जातु एै ।
281474976734023	नाम धरिबे के कारिक्रम मिं म्हूरत निकालो जातु है फिर पंडित जी कूं बुलाऔ जातु एै और हबन होतु है और फिर बच्चे को उसकी रासी के हिसाब तै नाम रख्खौ जातु है ।
281474976734053	मरिबे के बाद पांत होति एै बामि आलू की सबजी पूडी और अपने हिसाब ति खाना पस्सौ जातु है ।
281474976734035	बिआ में कई सारे रीती रिबाज होत हैं जैसे कि हल्दी मैंहदी संगीत जैमाला ये सब हल्दी इसलिए करी जाति है । हल्दी में मौंडी के तांईं हल्दी लगाई जाति एै पूरा के पूरे सरीर पै उपटन लगाई जाति है । मैंहदी में बाके हाथन पै मैंहदी लगाई जात है । संगीत बिआ से पैह्लि होतु एै बामि अंगूठी पैहनाई जाति एै मौडा मौडी एक दूसरे तै अंगूठी पैहनात एैं । जैमाला मिं मौडा मौडी एकदूसरे कूं माला पैहनात एैं ।
281474976734036	बिआ के रीती रिबाजन को दिना और समै पंडित जी बतात हैं ।
281474976734038	बिआ मिं लोग एक दिसा मिं बैठत हैं बो पंडित जी बतात हैं ।
281474976734031	हमाए समाज मिं मौडा मौंडी रिस्तेदारौं के रिस्तेदार ढ़ूढ के लात हैं ।
281474976734026	नाम धरिबे के कारिक्रम कूं नामकरड कऔ जातु एै ।
281474976734046	सारे कारिक्रम पंडित जी द्वारा बताए गए तिथी और जगा पर होत हैं ।
281474976734055	किरिआकरम के बाद सबी लोग घर आके स्नान करत हैं ये भौत जरूरी होतु एै ।
281474976734050	कार्रिक्रम सुबै सुबै नहाइ धोइ कि पूरे घर की सफाई करिकि पंडित द्वारा बताए गए महूरत पै होत है ।
281474976734029	जन्म तै लैकि नाम रखबे तक बच्चा के तांईं एक दिन मूल छटाई होत है । बामि बच्चा के तांइ चम्मच से सहद चटाऔ जातु एै ।
281474976734054	किरिआकरम के काम एक आदमी कत्तु एै । बाएै पता नईं का बोलो जातु एै और बाके तांईं पैसा घर के बडे देत हैं ।
281474976734044	बिआ मिं बौहत सारी चीजैं होत हैं बे सब जरूरी होत हेैं ।
281474976734020	नाम धरिबे कौ समै और दिना पंडित जी तै करत हैं ।
281474976734025	बच्चे को नाम बाकी रासी के हिसाब तै पंडित जी रख्त एैं ।
281474976734028	बच्चा जनबे ति ले नाम रखबन के तांई बाके घरबाले के बडे बिबस्था करत हैं और बच्चा के तांईं दादा बाबा पैसा देत हैं ।
281474976734037	बिआ में अपने सभी रिस्तेदार के तईं बुलाऔ जातु एै ।
281474976734018	बच्चा होबे के बाद बाके तांई घर लाऔ जातु एै बाके दस ग्यारै दिन के बाद नामकरड होतु एै ।
281474976734019	बच्चा होइबे के बाद एक बार बाके तंईं सैहद चटाऔ जातु है चम्मच सै और फिर बाके बाद बाकौ नामकरड होतु है ।
281474976734032	हां हमाए समाज मिं मौडा मौंडी कोऊ ढ़ूढ लेतु एै ।
281474976734030	माए समाज मिं मौडा मौडी बिआ ति पैले पैले ना मिलत हे पर अब मिलबा दऔ जातु एै ।
281474976734034	बिआ के सब रीती रिबाज घर में ही करे जात हैं ।
281474976734043	बिआ के सब तईआरी घर के बडे करत हैं और बामिं पैसा बच्चे के मम्मी पापा देत हैं ।
281474976734024	नाम धरिबे बाए कारिक्रम मिं पूजा सामिग्री फल हबन की सामिग्री और भी बहुत सारौ सामान लगतु है ।
281474976734039	बिआ के सबई रीती रिबाज बौहत अच्छे से और घर के बडे करत हैं ।
281474976734049	कारिक्रम मिं लोग एक दिसा मिं बैठत एैं ।
281474976734042	बिआ के बाद पांत में घरबारे अपने मन सै कुछ भी बनबात हैं ।
281474976734027	पांतिई होति एै नाम धरिबे के बाद में । पांत मिं घरबाले अपने हिसाब ति कुछ भी बनबाते एैं खाने में ।
281474976734047	मरिबे के बाद बारै दिन के बाद बारमैं होतु एै फिर तेरै दिन के बाद तेरबी होत है ।
281474976734051	किरिआकरम कौ सामान पंडित बतात है ।
281474976734048	कारक्रम मिं घर के रिस्तेदारो को सबको बुलाऔ जातु एै ।
281474976733345	सांती हबन है सकतु एै और तेरईं होति एै बस्सी होति एै भौत कछू होतु एै ।
281474976733318	नाम धरिबे को समै और दिना पंडित जी बतात एैं ।
281474976733328	नांइ ।
281474976733329	रंग रूप और सिक्षा के आधार पै ढ़ूढे जात एैं ।
281474976733343	काऊ कुं मरिबे पै तेरईं होति एै ।
281474976733320	जि सब तौ पंडित जी बतात एैं ।
281474976733351	पू्आ खीरि सूखी सबजी रसीली सबजी पानी ।
281474976733331	लगुन टीका चढतु एै । तेल चढतु एै । बराइत होति एै और बिदा होति एै ।
281474976733333	बिआ मि निरी रीती रिबाज होती एैं जैसि लगुन टीका तेल बराइत बिदा ।
281474976733342	बिआ मि बिबस्था भंग न होंनी चइएैं । एकदम सिब कछू काम सई सु होंनौ ।
281474976733350	जो मज्जातु एै ताके घरबाए कत्त एैं ।
281474976733344	घरै होत एैं और पंडित जी ति पुछबाइ कि होत एैं ।
281474976733341	बिआ की सबई तईआरी मौडा मौंडी के घरबाए कत्त एैं और मौडाबाए कूं मौंडी बाए पईसा देत एैं ।
281474976733337	बिआ के रीती रिबाजन कौ तरीका पंडित जी बतात एैं ।
281474976733335	तौ बिआ मिं सिब रित्तेदान्नि कुं बुलाऔ जातु एै ।
281474976733324	नाम धरिबे के कारिक्रम कौ पंडित जी कत्त एैं ।
281474976733326	जो जो पांति मि आत एैं सिब देत एैं ।
281474976733319	बूआ फूफा मामा मौंसी मौंसा सब बुलाए जात एैं ।
281474976733321	हबन होतु एै । कलाऔ बांधौ जातु एै । दाबत होति एै और नाम धरौ जातु एै ।
281474976733352	कारिक्रम के काम हलबाई कत्तु एै और मरिबे बाए के घरबाए पईसा देत एैं ।
281474976733323	पञा मि देख कि धत्त एैं ।
281474976733332	बिआ कौ रीत रिबाज कौ समै पंडित जी बतात एैं और घरैऊ कस्सकत एैं और मैरिजहोम मि ऊ कस्सत एैं ।
281474976733346	कारिक्रम मि मानि पछ्छि कूं लै जात एैं और बिऔहारी बुलाए जात एैं और कन्या करी जाति ।
281474976733349	कारिक्रम मिं हबन की सामिग्री लगति एै और दाबत बनति एै तौ बा दाबत कौ सिबरौ सामान लगतु एै ।
281474976733325	पुरी सबजी और दही बूरौ ।
281474976733334	बिआ के रीति रिबाजन कौ दिना और समै पंडित जी पै पञा मि दिखबाइ कि तै करबाऔ जातु एै ।
281474976733348	कारिक्रम तौ करिबे को तरीका पंडित जी बतात एैं ।
281474976733336	चएै कितऊ बैठि जात एैं जितै जगै मिन्ति एै बितै ता लिंगा मौह् करिकि ।
281474976733316	बच्चा के हैबे ति लैकि और बाकौ नाम धरिबे के सबए कारिक्रम कौ समै पंडित बतातु एै और छटी पै धरौ जातु एै और सबए कारिक्रम घरैई होत एैं ।
281474976733338	पइसा लगतु एै ।
281474976733340	पूडी सबजी पानी राइतौ रसगुल्ला दही बूरौ ।
281474976733322	हबन की पूरी सामिग्री लगति एै ।
281474976733353	कारिक्रम मि आइबे बाईं औरतैंं सिबति पैलै जो कोई मत्तु एै ता घरबाए कि औरतन ति बैठकि रोती एैं ।
281474976733315	अबै हमाए समाज मि बच्चा पैदा होतु एै तौ बाकौ नाम रख्खिबे तक मूल तगा और छटी धरी जाति एै तब बाकौ नाम धरौ जातु एै ।
281474976733339	मौडा मौडी के घरबाए ।
281474976733347	नांइ कोई एक दिसा निस्चित नांइ चईं कौनसी ऊ दिसा मि बैठि जात एैं ।
281474976733327	पंडित पै मूल दिखबाए जात एैं ।
281474976733317	बच्चा हैबे और बाकौ नाम धरिबे तक कमसिकम तीन चार कारिक्रम होत एैं । पैलै छटी होति एै फिर तगा होतु एै फिर मूल होत एैं ।
281474976733330	नांइ मौंडी मौडा कू ढ़ू़ढति एै ।
281474976734121	बिआ की तईआरी घर के बडे बूढे कत्त एैं और बिनै पईसा घर कौ मालिक देतु एै ।
281474976734130	किरिआकरम अगर कोई रडूआ होतु एै बाकौ छोटौ भईआ कत्तु एै नईं जादातर बालक कत्त एैं । और अगर कोई जनींमांसि एै तौ बाकौ पती कत्तु एै ।
281474976734114	बिआ के रीती रिबाज कौ दिना और समै पंडिज्जी तै कत्त एैं ।
281474976734099	जनम बाए दिना बूआ बगैरा बुलाइ जाति एैं । दो चार काम या रसम होति एैं बिनै पूरी करबाइबे के लएैं । औ बाके बाद नाम धरिबे बाए दिना तौ सबरे रिस्तेदार बुलाए जात एैं दोस्त बगैरा । सब बुलाए जात एैं ।
281474976734123	हमाए समाज मि कोई मत्तु एै तौ बाए नभाइ धुबाइ कि तईआर करिकि समसान कू लै जात एै जलाइबे ।
281474976734102	नाम धरिबे बाए कारिक्रम मि हद्द कलाऔ आम की डारी आम के पत्ता गंगाजलु चामल घी गईआ कौ घीबत्ती कपूर जे लगत एैं ।
281474976734129	किरिआकरम के कारिक्रम मि कन्डा लगत एैं । गईआ के गोबर के कन्डा होंइ तौ अच्छे रैह्त एैं । और आटौ लगतु एै । सौंने के कोई सामान होइ तौ बु लगतु एै । और अगर कोई सिक्का होइ तौ बु लगतु एै ।
281474976734100	नाम धरिबे बाए दिना लोगन्न एैं गंगाजी की दिसा मि बैठारौ जातु एै ।
281474976734117	बिआ के रीती रिबाजन कौ तरीका अपने अपने समाज के हिसाब से पंडीजी के हिसाब ति और बडे बुर्जुग लोगन के हिसाब ति तै होतु एै ।
281474976734107	जनम ति लैकि नाम धरिबे के कारिक्रम मि जरूरी बात जि एै कि बैसि तौ तगा बन्तु एै दस दिना कौ ग्यारै दिना कौ तैरै दिना कौ । अगर बामि मूल आइ जाएैं तौ फिर तगा बधतु एै पंद्रै दिना कौ या सत्ताइस दिना कौ ।
281474976734097	बच्चा हैबे के बाद सबेरि नहान होतु एै और नहान हैबे के बाद संजा कूं चरिअए सांतिआ रख्खे जात एैं । तौ सांतिआ रख्खे जात एैं जा गेट पै बा गेट के भीतर सौबर होति का एै ता गेट पै और चरूआ रख्खे जात एैं मटका पै या डेगची पै । औ बाके बाद पंडीजी बुलाए जात एैं पंडीजी बुलाइकैं पंडीजी आबत एैं । तौ पंडीजी आइकि फिर तारीख फारीक बताबत एैं कै कब नामकरड होऔ कै कब का होऔ । फिर बाके बाद नामकरड होतु एै । तगा बधतु एै बाति कैत एैं तगा बधना । औ बु घर के कोई दल्लान बगैरा मि हबन बगैरा होतु एै रिस्तेदार बगैरा सामिल होत एैं । तब बामि नाम धरौ जातु एै ।
281474976734124	जादातर किरिआकरम दिन के समै होत एैं और समसानघाट पै होत एैं ।
281474976734103	बच्चा कौ नाम पंडित धत्तु एै औ पञा मि देख मि धत्तु एै घड़ी महूर्त फहूर्त जिनै देखकि ।
281474976734105	नाम धरिबे के बाद पांति मि पूडी सब्जी शृद्धा अनुसान जो जो जैसि जैसि जापै जैसी बिबस्था बनति एै तेई तेई चीज मिन्ति एै । मिठाई बगैरा जाकी जैसी जैसी शृद्धा बनै ।
281474976734116	बिआ मि लोगबाग उत्तर मि बैठत एैं गंगाजी माऊं मौह् करिकि ।
281474976734133	किरिआकरम मि सबति जादा जरूरी होतु एै घर के प्रोत एै दान दैबौ ।
281474976734118	बिआ के कारिक्रम मि भौत चीज लगति एैं । हल्दी चंदन मिठाई हबन सामिग्री और घर घर के बाकी की चीजैं लाइट बगैरा सब चीज लगतिं एैं ।
281474976734127	किरिआकरम मि लोग करम पै हाथ रख्खिकि बैठत एैं और गंगाजी माऊं बैठत एैं उत्तर की दिसा मि ।
281474976734098	नाम धरिबे कौ समै होतु एै दस या ग्यारै दिना बाद । जाएै बताबत एैं पंडित जी । पंडित जी बतांगे तबी नाम धरौ जातु एै । औ बाके बाद पंडीजी पञा देखकि समै तै कत्त एैं ।
281474976734122	जरूरी बात जि एै कै जब लडका और लडकी मंगल और मगंली होति एैं तौ बिनके लै रिस्ता ढ़ूढिबे मि बडी दिक्कत आबतिं एै ।
281474976734095	तगा बधिबौ ।
281474976734131	मरिबे के बाद पांत होति एै बामि खीर पूआ सबजी पस्सी जाति एै और कछू कछू जगै पै लड्डू पस्से जात एैं ।
281474976734109	हमाए समाज मि मौडा मौडी बूडे बूडे ढ़ूढत एैं औ बाति पैलि बे बर्ग प्रीत बगैरा मिलाबत एैं ।
281474976734096	बच्चा के हैबे का बाद सबेरि नहान होतु एै और संजा कूं चरिआ सांतीआ धरे जात एैं । औ फिर छै दिना बाद छटीअई मन्ति एै । औ बाके बाद सातबे दिना या फिर दसबे दिना तगा बधतु एै जैसि पंडित जी बताइ दैं तैसि । औ कबऊ कबऊ मूल आइ जाति एैं तौ सत्ताईस दिना बाद तगा बधतु एै ।
281474976734106	बच्चा जनमे ति लैकि नाम धरिबे तक की बिबस्था बाबा कत्त एैं और बाए पईसऊ बाबई देत एैं ।
281474976734125	कऊ आदमी के मरिबे काज सबति पैलि बारौत होतु एै । घर के बालकन के और बडे लोगन के बाल कटत एैं आदमिन के । औ बाके बाद तेरै दिना कौ घर मिं कोई अगर चाबै तौ कोई पाठ बगैरा करबाइ लेतु एै । और नईं तौ अब तेरै दिना बाद आत्मसांती के लएैं ब्रह्म भौज होतु एै ।
281474976734101	नाम धरिबे के कारिक्रम मि सबरे रिस्तेदार बुलाए जात एैं । और हबन बगैरा होतु एै बाति हम कैत एैं तगा बंधिबौ । और सबरे रिस्तेदारन्न एै खानौ बगैरा खबाऔ जातु एै हबन के बाद । और तब नाम धरौ जातु एै । औ बाके बाद लडका या लडकी के मामा के यहां ति पछ आबतु एै फिर सबरे घर बाए पछ अछ एै पैहन्त एैं ।
281474976734115	बिआ मि सबरे रिस्तेदार बुलाए जात एैं । बूआ फूफा मामा मौंसा मौंसी सबरे रिस्तेदार बुलाए जात एैं । दोस्त बुलाए जात एैं । भैंन जीजा सब बुलाए जात एैं ।
281474976734119	बिआ के रीती रिबाजन एै जादातर मामा बूआ भाबी भैन और चाची कत्ति एैं ।
281474976734108	हमाए समाज मि मौडा मौंडी बिआ ति पैलै अबतौ मिल्त एैं । पैलै नईं मिलते परि ।
281474976734126	हमाए जां किरिआकरम मि कोई नां बुलाऔ जातु सब बिना बुलाए आइ जात एैं । खबरि पौचाइ दई जाति एै कि कोई आदिमी मरि गऔ एै ।
281474976734120	बिआ के बाद पांत मि जैसी जाकी इच्छा होति एै जैसि जाकौ बन्तु एै तैसि दो दो चीज पस्सी जाति एै ।
281474976734128	किरिआकरम करिबे कौ कोई एैसौ कोई तरीका नानैं हतु बस्सि पिंन्डदान बगैरा करे जात एैं । और बामैं बाद में पंडित जी बुलाए जात एैं आत्म सांती के लैं कछू रीती रिबाज होत एैं बे करे जात एैं । और लोगन्नए बुलाइ कि साफा फाफा बांधौ जातु एै तेरै दिना के बाद ।
281474976734132	किरिआकरम कौ काम जादातर बडौ भइआ या फिर कोई ताऊ बगैरा कत्त एैं और बाएै पईसा घर कौ मालिक जो होतु का एै बु देतु एै ।
281474976734104	नाम धरिबे के कारिक्रम में पंडित कत्तु एै ।
281474976734111	हमाए समाज मि बिआ मि लगुन धरी जाति एै । हल्दी तेल धरौ जातु एै । धूरौ पूजौ जातु एै । भामड पत्ति एैं । बाके बाद कगंन फगंन सिरिबे की रस्म होति एै ।
281474976734110	मौडा मौडी ढूढत एैं मौडा मौडी कौ बापु ।
281474976734113	बिआ के रीती रिबाजन में भात मांगबौ होतु एै । लगुन चढिबौ होतु एै । तेल धरिबौ होतु एै । कूआ पुजिबौ होतु एै । औ जे सब जाके लएैं करे जात एैं कि चएैंजे चले आइ रएैं केऊ सालन ति । जैसि भात फात मांगौ जातु एै तौ बडी रीती रिबाज एै कृष्न जी नैं भातु दयौ ।
281474976734112	बिआ कौ रीती रिबाज कौ समै पंडीजी बताबत एैं और जे सबरे रीती रिबाज घर पै करे जात एैं ।
281474976733603	अगर परम्परागत तरीका ति देखैं तौ कोई मौडा मौंडौ कूं ना ढ़ून्तुगौ । लेकिन जि बात अलग एै कि कऊं काऊ मौडा कूं मौंडी पसंद आइ गई । कऊं बिआ बिआ मिं गऔ कोई और मौंडी पसदं आइ गई तौ कस्सकत एैं लेकिन एैसि कौइ ढ़ून्तु नांइ लौडा मौंडी कूं ।
281474976733594	नाम धरिबे के कारिक्रम मिं सबन्तैं पैलै सबेरे के टाइम मिं एक हबन होतु एै । पूजा होति एै जामि पंडित जी । लला जो या लली एै जोऊ बच्चा एै बु बाके मम्मी पापा बैठत एैं हबन मिं और जित्तेऊ लोग बुलाए जात एैं हबन मिं बैठत एैं । बे सब मिलकि बच्चा कौ नाम पंडित बतातु एै बा हबन मिं कि काईसि नाम होनौं चइएैं का हौंनौं चइएैं और बच्चा के लएैं हबन करौ जातु एै । बाके बाद सन्जा कूं खाइबे कौ कारिक्रम होतु एै जामिं सिबरे रिस्तेदार तुमाए जित्तेऊ बुलाने एैं जित्तेऊ बुलाइ लेत औ बे सबन्निएै बुलाऔ जातु एै और बे सब खानौ बानौ खाइकि बच्चा के लएैं उपहार लै कि आत एैं । बस्सि दुएैई कारिक्रम होत एैं ।
281474976733607	बिआ मिं रीती रिबाजन कौ दिना और समै जि सिब कछू पंडित बतातु एै । बेई तै कत्तु एै कि कब होइगो का समैं और कौन से दिना होइगौ ।
281474976733620	नांइ जाकी कोई दिसा नां होति गी ।
281474976733624	कौई जादा बडौ बूडौ खतम है जातु एै तौ पांति नैक जितनौं बूडौ होइगौ बितनी बडी पाति करी जाति एै । बा पांति मिं घर के लोग रिस्तेदार आसपडोसी जित्तेऊ होत एैं बिन सिबन्नकूं बुलाऔ जातु एै । खीर पूआ सबजी बनाऔ जातु एै । सबन्निकू खबाई जाति एै और बस्सि इत्तौई होतु एै ।
281474976733616	हमाए समाज मिं जब कोई मज्जातु एै । तौ बाके लएैं सबई लोग रोत एैं और संग मिं जोऊ रीती रिबाज होत एैं कि जो लास होबेगी बाएै अर्थी पै धत्त एैं और बाएै लेकि जात एै कंधा दै देत एै बाएै और हमाए जां औरतैं नां जाती समसान में । आदमी आदमी लैकि जात एैं समसान में और मुर्दा कू जराई देत रस्ताभर जि कैत भए जात एै राम नाम सत्ति एै तौ बस्सि जेई होतु एै और कछू ना होतु ।
281474976733591	नाम धरिबे कौ दिना और समै पंडित दुआरा निकबाऔ जातु एै । पंडित बतातु एै बच्चा के ग्रह नक्षञ देखकि कि जाकौ नाम कब रख्खौ जागौ कौन से समै पै रख्खौ जाऔ कौन से अक्षर से धरौ जाएैगौ ।
281474976733601	अगर आज के टाइम की बात करैं तौ हां आज के टाइम पै तौ मिलूठे हैं । मौडा मौंडी जब देखिबे आतु एै मौडा मौंडी कूं तब दौनौ मिन्त एैं । लेकिन एैसौ नांइ कि बिआ तै हैबे के बाद डेली मिन्त एैं । एैसौ ना होतु गौ बिआ ति पैलै ना मिन सकतगे बे । हां लेकिन पैह्लै देखतेऊ नईं एै । पैह्लै कतैऊ न मिंते । लेकिन आज के टाइम पै बस्स इत्तौ मिल्लेत एैं जब मौडा मौडी कू देखिबे आएै तब मिल्लेत एैं ।
281474976733614	बिआ की सबई तइआरी घर कौ मुखिआ और घर के जने कत्त एै और बिनकू पईसा जो दाबत या पांत होति एै बिनके पईसा घर कौ मुखिआ देतु एै ।
281474976733597	देखौ नाम धरिबे कौ कारिक्रम जो होतु एै । बु अलग अलग जगै पै अलग अलग लोग धत्त एैं । जैसि कि नाम धरौ जातु एै बच्चा कौतौ कछू जगैनि पै बुअई धरैगी कछू जगैनि पै पंडित खुद धद्देतु एै अगर कोई नांइ तौ । या फिेर एैसौ होतु एै लेकिन अगर हम अपए जां की बात करैं तौ हमाए जंम्पै तौसिब लोग मिलिकि एक निर्डै लै लेत एै जि नाम धरौ जाइगौ और फिर हम बा नाम एै धद्देत एैं ।
281474976733612	अलग अलग रीती रिबाजन कूं अलग अलग लोग बमि हिस्सा लेत एैं लेकिन कत्तु सिबन्नकू पंडित ई एै । जैसि कि हम बात करैं अगर जि तेल चढिबे की तौ हमनि बताई कि तेल चढिबे में । भाभीअन कौ मुख्खि भूमिका होति एै जैसि कि भाभी मौडी के । मौंडी की भाबी मौंडी के मौडा की भाबी मौडा के काजर लगाती एैं और बाके बादि मिं अगर बात करै कन्यादान की तौ पंडित ई करबातु एै लेकिन कत्त माता पिता एैं कन्यादान । तौ जे काम जो छोटे छोटे रीती रिबाज होत एैं टीका लगुन की अगर हम बात करैं तौ टीका लगुन मिं जो मौंडी कौ भईआ होतु एै । बु टीका चडातु एै मौडा कौ बु पान खबातु एै माला पैनातु एै । जे सबरे काम कत्तु पंडित एै करबाएै जात एै बे अलग अलग लोग होत एैं बिन अलग अलग लोगन तै करबाऔ जातु एै अलग अलग समै पै ।
281474976733611	बिआ के कारिक्रम मिं सिब चीज लगति एै । चौंकि पैहले जो दाबतैं होती जो पांति हौती बे तौ छोटे स्तर पै करी जाती लेकिन आजकल के समै मिं जे भौत बडे स्तर पै होती एैं । तौ जामि सिब लगतु एै । हलबाई लगतु एै । हलबाई लगकि भौत सारी अलग अलग तरीका के पकबान बनाए जात एैं तौ एैसौ कछू नांइ कि कछू बचतु होइ निरी चीजैं लगती एैं । दूद मठा मिच्च मसाले और जनि कहा कहा कछू बचतु नांइ ।
281474976733610	बिआ मिं रीती रिबाजन कौ तरीका सई होतु एै । सिब कछू अच्छे सै करौ जातु एै ।
281474976733621	कछू नांइ सांती हबन मि एक पंडित जो होतु एै बु जो इंसान खतम है गऔ एै बाकी फोटू होतु एै बाएै धल्लेतु एै और बाके लएैं सांती के लएैं प्राथना कत्तु एै । सब लोग बाकी आत्मा सांती के लएैं प्राथना कत्त एैं हाथ जोड कै और बस्स बाके बाद में है जातु एै कारिक्रम । जेई जरीका होतु एै । पंडित कूं बुलाइ कि और हबन करबाइ देत एैं ।
281474976733598	हां पांति होति एै । नाम धरिबे के बादि मिं भौत बडी पांति होति एै । बामि खाइबे कुं हर चीज मिन्ति एै । जैसि तुमैं पुरी मिलैंगीं कदूआ मिलैगौ राइतौ मिलैगौ मिठाई मिलैई रसगुल्ला छैंना मिलैगौ और लोग जो होत एैं बे खुद निर्णै लेत एैंकि का का हौंनौ चइएैं एक पांति मि । बिनके पास जैसौ पईसा होत एैं बैसौ कत्त एैंया तुमै और अच्छी चीजैं मिन सकती एैंं । पुरी कौ जैसि चलन खतम है गऔ तौ भौत सारे लोग बु मिस्सी रोटीऊ खात एैं तौ मिस्सी रोटी रख्खि देत एैं बे । बफर सिस्टम बाऔ सिस्टम कद्देत एैं । बामि लोग खडे खडे खात एैं । प्लेटिनमिं धल्लेत एैं बामि सलादऊ होतु एै राइतौऊ होतु एै । तीन चार तरीका की सब्जी होती एैं एक सूखी सब्जी है जाति एै या फिर सबरी सब्जी एक संग डरी होती एैं । तुमाऔ मटर पनीर है जातु एै और कदुअऊ धल्लेत एैं । अलग अलग तरीका की चीजै धल्लेत एैं नास्ता धल्लेत एैं । चीला बगैरा धद्देत एैं खाइबे कूं । जे सबरी चीज होती एैं पांतन मिं कछू लोग रसगुल्ला छैंना ना रख्खतगे तौ बे लड्डू धल्लेत एैं बूंदी के ।
281474976733595	नाम धरिबे के कारिक्रम मिं जो दौ चीजैं होती एैं जैसि सबेरे पूजा होति एै संजा कूं खानौ पीनौ होतु एै दाबत होति एै । तौ इन दौनौन के लएैंईं सामान होतु एै । सबेरि पूजा मिं जो सामान लगतु एैं । जैसि कि नारियल है गऔ घी है गऔधूप हे गई लकडिआं हौनी चईंएैं हबन के लएैं और फल होनें चइएैं मिठाईं होने चइएैं और इन सबने के संग कलाबा धूपबत्ती अगरबत्ती रोली चंदन । दीआ जराइबे के लएैं फूल होने चइएैं हबनकुंड होने चइएैं और सिब लोग बहीं बैठे होने चइएैं और संजा कूं जब दाबत होति एै । तौ दाबत मिं जि तुमाए ऊपर निर्भर कत्तु एैकि तुम का का बनबाइ रए औ जादातर लोग जो होत एैं बेबेई नासता औ खानौ करबात एैं । तौ बिनमि जो नासता और खाने मिं होती एैं रोटी सबजी राइतौ और मिठाई और जि सबरौ सामान लगतु एै और अगर सजाबट होति एै तौ सजाबट के लएैं बेई फूकना बूकना लगत एैं और जित्तौऊ सजाबट मिं और कछू लगानौं होतु एै तौ और कछू लगाइ देत एैं ।
281474976733619	सिर्फ ब्राह्मड बुलाएै जात एैं और कोई जादा बडौ बूडौ ए तौ रिस्तेदारन कूं ऊं बुलाइ लेत एैं पांति मिं । न तौ अगर कोई कम उमर कौ जुआंन जबान होतु एै तौ सिर्फ ब्राह्मडन कूं बालाऔ जातु एै और तेरै ब्राह्मड या जित्ते ब्राह्मड होंइ बित्ते ब्राह्मडन कूं खबाइ दऔ जातु एै ।
281474976733590	बच्चा पैदा हैबे सि बाकौ नाम धरिबे तक चार रसम होती एैं । पैली चरूआ सांतिआ रख्खिबौ । जो परम्परा एै बु चली आइ रई एै तो जि बाई हिसाब सि हमाए जंग की परम्परा एै और बु चली आइ रई एै काइ कूं होती एैं बाकौ एैसौ कोई कारडु नांइ । दूसरी रसम एै तीर बाई रसम जामि बु चाचा चौक पै बनाई कि चारौ लंग तीर चलातु एै । जाऊ रसम कूं परम्परा एै बु चली आइ रई एै या जि मान सकतऔ कि चाचा सबए कष्टन सै बच्चा कूं सुरक्षित रख्खै । जाके मांइ करी जाति एै । तौ तीसरी रसम होति एै बु होति एै छटी । छटी पै बच्चा कूं नभाऔ जाइगौ और जि सबरे काम होत एैं । छटी पै बच्चा के बच्चा छै दिना कौ या पांच दिना कौ है जातु एै और बाके बाद डस्टौन मनात एैं । छटी पैई नाम धद्देत एैं और डस्टौन मनात एैं जामि सबलोग खानौं बानौं खात एैं बाइरसि आत एैं रिस्तेदार आत एैं और बे सबलोग मिलकि खानौं खात एैं । खुसी मनाइबे के लएैं डस्टीन होतु एै । बे लोग उपहारऊ लेकि आत एैं बच्चन के लएैं । जे चार कारिक्रम होत एैं बच्चा के नाम धरिबे तक ।
281474976733618	काऊके मरिबे के बादि मिं हमाए जां बार बन्त एैंं । दूसरे या तीसरे दिनां बार बन्त एैं । बाके बादि मिं तेरै दिना तक घर मिं कछू हौतु नांइ । कछू सुभ काम न करौ जाइगौ या फिर रोटी पानी न बनैगी और बाके बादि मिं तेरए दिनां कूं या तौ सांती हबन करबाइ देत एैं या कोई जादा बडौ बूडौ एै तौ बाकी तेरई होति एै । बम पूआ और खीर बनति एै । पांति करबाई जाति एै पैलि ब्राह्मडन कूं खबाइ कि जेई होतु एै ।
281474976733592	बैसि तौ एैसौ कछू नांइ कि कछूई लोगन कूं बुलाऔ जएै लेकिन जब बच्चा जनमतु एै । तौ बा टाइम पै घर के जो बडे होत एैं बुर्जुग होत एैं जो समझदार बुर्जुग होत एैं बे तौ होंनेई चइएैं जैसि किअगर बूआ एै दादी बूआ या फिर दादी एै । नानी एै जे लोग होत एैं । जे बच्चा के जमबे पै बुलाए जात एैंऔर जनबे के दाद नाम धरिबे बाए दिना तौ सबए रिस्तेदारन कूं बुलाऔ जातु एै । जित्तेऊ रिस्तेदार एैं जित्तेऊ मिलिबे बाए एैं उस दिन सिबन्न कूं बुलऔ जातु एै ।
281474976733608	बिआ हमाए समाज मिं एक बडे स्तर पै होतु एै तौ जामिं सिब बुलाए जात एैं जामिं कोई छोडौ ना जातु गौ । जो छोडि दऔ जातु एै बु रूठि जातु एै बादि मिं फिर बाएै मनाऔ जातु एै बडी मुसकिलन्ति । जा बजै सै जा बात कौ एक खास ध्यान धरौ जातु एै कि कौई छूटे न । सिबन्न कूं बुलाऔ जातु एै मौहल्ला सै लैकै दूर दूर के रिस्तेदारन कूं ।
281474976733599	बच्चा जनमिबे ति लैकि बाकौ नाम धरिबे तक की बिबस्था कुं । घर कौ मुखीआ कत्तु एै । बु बच्चा कौ पापा है सकतु एै । बच्चा कौ दादा है सकतु एै । दादा या बाबा बे लोग ऊ कत्त एैं । बच्चा कौ नाम धरिबे कौ पूरौ फगंसन बेई कत्त एैं । बच्चा कौ नाम धरिबे के बाद मिं पांति जो होति एै । पांति के लैंऊ बेई पईसा देत एैं । बेई कत्त एैं सिब कछू । जो घर कौ मुखीआ होइगौ बेई करैगौ ।
281474976733615	नंइ बैसि तौ कोई और जरूरी बात नंइ । कछू छोटी मोटी रीती रिबाजैं और होती एैं । जैसि कि संजा कू तेल छडिबे के बाद संजा घूरौ पूजौ जातु एै हमाए जां । घूरौ पूजिबे मिं जौ बर्ना या बर्नी होति एै बाकी आंखै बंद करिकि बाकी भैन लै जाति एै या कोईऊ जनौ होइ बिनके घर मिं बु आंखिन पै पट्टी बांध देतु एै और फिर बिनै आंखैं बंद करिकि बु घूरै पूजिबे के लएैं जानौ पत्तु एै । फिर बा घूरे एै पूजि देत एै और फिर चले आत एैं । जि एक परम्परा एै जो होति आइ रई एै सौ चलति आइ रई एैऔर तौ कोई खास जरूरी कोई बात हती नांइनै ।
281474976733589	हमाए जां बच्चा पैदा हैबे के बाद सबनतै पैलै जब बच्चा घरै आतु एै । तब घर के बाहर आग लगाइ कि धत्त एैं । जासु कि कोई हबा बियार न लगैफिर बाके बाद घर मिं बच्चा आइ जातु एै । जच्चा बच्चा दौंनौं एक कमरा मिं रैह्त एैं । बाके पैदा हैबे के चौथे दिनां । बाकी बूआ मतलब बच्चा की जो बूआ होति एैबु कमरा के कौरे सै जा कमरा मिं जच्चा बच्चा दौनौ रैह्त एैं बाके कौरे सै सांतीआ बनाति एैं । जाएै बोलत एैं चरूआ सांतीआ । और जि गईआ के गोबर सै या भैंसीआ के गोबर सै बनाऔ जातु एै । कौरे से एक मूसल और धद्देत एैं और बाके बाद बच्चा की छटए दिनां छटी होति एै । छटीक मिं बच्चा कूं नभाऔ जातु एै । नभाइबे के बाद मिं नए कपडा पैनांए जात एैं खीर पूआ बनाए जात एैं और संजा कूं चौक बनाइ कि जच्चा बच्चा बा चौक पै खडे हौत एैं और बच्चा कौ चाचा चारौ तरफ तीर मात्तु एै । जि एक रसम होति एैफिर बाके बाद मिं बच्चा कौ नाम धल्लऔ जातु एै । जो सई लगै बु नाम धल्लऔ जातु एै । लला की जो बूआ होति एै बु नाम धत्ति एैै । इन सब कामन मिं जब बूआ चरूआ सांतीआ धत्ति एैतब बाएै नेग मिल्तु एै । बच्चा के मम्मी पापा बाएै नेग देत एैं । चाचा कौं ऊ नेग मिल्तु एै जब बे तीर चलात एैं तब बिनैऊ नेग मिल्तु एै । बाके बाद मिं नाम धद्दऔ जातु एै । कछू लोग नाम धरिबे पै एक बडौ सौ कारिक्रमऊ कल्लेत एैं । जाएै डस्टौंन बोल्त एैं बामिं लोगन कूं बुलात एैं और खाना बगैरा खबात एैं । सबलोग मिलकि एैसिई आंनन्द लेत एैं मौके कौ फाइदा उठात एैं और नाम धद्देत एैं बाई दिना जा पंडित अक्षर जो छटतुऔ बाई पै नाम धरौ जातु एै । जि सबरौ कारिक्रम खाइबे पिबेकौ निर्भर कत्तु एै कि कैसौ परिबार एै । अगर कोई घरै करैं चाएैं तौ घरै कल्लेतु एै न करैं चाएैं तौ भाइर कल्लेतु एै ।
281474976733622	जा कारिक्रम मिं कोई जादा सामान ना लगतु गौ । बेई हबन के लएैं हबन सामग्री होति एै फोटो होतु एै हार होतु एै अगरबत्ती धूपबत्ती फूल थोडे से सृधान्जली के लएैं और बतासे या नैक बूदीं । जो पस्साद के रूप मिं दई जाति एै सिबन्न कूं । बस्सि और कोई कारिक्रम ना होतु ।
281474976733625	कारिक्रम कौ काम जो जित्तीऊ पांति बनबाई जाति एै बु हलबाई बनातु एै । हलबाई कूं पईसा घर कौ मुखिआ देतु एै ।
281474976733593	जो नामकरड संस्कार होतु एै । बामि एक हबन होतु एै । सबेरि पूजा जैसौ हबन होतु एै । तौ बामि सिब लोग पूरब की तरफ मौं करिकि बैठत एैं । पूरब मिं भगबान की चौकी लगाई जाति एै । फिर पंडित जी पूजा कत्त एैं और सब लोग जित्तेऊ लोग होत एैं बा हबन मि बे सब पूरब की तरफ मौं करिकि बैठत एैं ।
281474976733609	नइ एैसी तौ कोई बात नांइ कि बिआ मिं लोगबाग कौनसी दिसा मिं बैठत एैं । बे काअऊ दिसा मिं बैठत एैं । जब बे लोग मंच पै होत एैं मौडा और मौंडी तब बिनकी कोई दिसा ना होतिगी लेकिन जब बिनकौ कन्यादान होतु एै तौ एक दिसा होति एै कि और बु दिसा होति एै बे पूरब की तरफ मौं करिकि बैठैंगे ।
281474976733600	एक बच्चा पैदा हैबे के बाद मिं एक जात संस्कार होतु एै भौत छोटौ सौ होतु एै । मतलब बु कोई एैसौ बडौ कारिक्रम न होतुगौ बु एक छोटौ सौ कारिक्रम कारिक्रम ई न होतुगौ । जैसि जब बच्चा पैदा है जातु एै बु पैदा हैबे के बाद जब डॉक्टर या कोईअऊ नर्स बाएै बाकी मम्मी के पास लै कि आत एैं तौ बु सबन्ति पैलै जब दूद पीतु एै । तौ बा टाइम पै बु जाति संस्कार होतु एै । बा जाति संस्कार मिं बच्चा कूं नैक हलकौ सौ सैह्द बामि हलकौ घी मिलाइकि और नैक बु एक होतु एै स्अर्डिम भषम बोन्त एैं जएै बु होति एै । बु होतु एै । इन तीनौन कूं मिलाइकि नैक चटाइ दऔ जातु एै । बनईं नैक मांमूली माञा मिं और बाके संग संग जो मम्मी होति एै लला मतलब बच्चा की बु बाएै अपए सौधे बाए दूद तै दूद पुबाति एै । पैलि बाएै धोऔ जातु एै और फिर बाके बाद पिबाति एै बाईसै । तौ जि एक जि एक जाति संस्कार होतु एै । एैसेईं फिर बाके बाद बच्चा दूद पिअतु रैऔ अपए जैसि पिअतु एै ।
281474976733596	बच्चा कौ नाम बाके नक्षञ और बाके ग्रेह देख कि पंडित बाकौ बु बतातु एै रासी कौ अक्षर बासि फिर बच्चा कौ नाम धरौ जातु एै । बच्चा कौ नाम कौइअऊ धस्सकतु एै बाकी बूआ धद्दे बाके मम्मी पापा धद्दे बाकी मौंसी धद्दे या सिब लौग मिलकि एक निर्डै लै लेत एै फिर बाकौ नाम धद्देत एैं ।
281474976733613	बिआ के बादि जो पांति होति एै । बु पांति मिं पैह्लिं तौ धत्ती पै होती गांमन मिं तौ गांमन मिं धत्ती पै होती तौ बिनमिं बेईएक सूखी सबजी होती एक रसीली सबजी होती एक मिठाई होती और एक पुरी होतीं । परि आज के समै में अगर हम बात करै तौ सबकछू बदलिगा एै । आज के समै में जे सबरी चीजन मिं अब बफर सिस्टम होतु एै बा बफर सिस्टम मिं का होतु एैकि मेज लगाइ दईं जाती एैं साइड तुं जो मैदान होतु एै जम्पै है रई होई पांति मपै मेज लगाइ दईं जाति एैंऔर मम्पै चीजैं धद्दई जाती एैं और एक एक आदिमी खडौ है जातु एै बिन चीजनि पै । तौ अब तौ सिब चीज खुद लै कि खानै पत्ति एै और बामि निरी चीजैं होती एैं । आपके पुरी होती एैं सबजी होती एै पांन्छै तरीका की । राइतौ होत एैं दौ तीन तरीका के बाके बाद मिठांईं होती एैं दौ तीन तरीका कीं और चाबल होत एै । तौ चामरन मिं चामरऊ दौ तीन तरीका के कद्देत एैं बे । तौ अलग अलग चीजैं होती एैं अलग अलग सामान पस्सौ जातु एै ।
281474976733604	हमाए जां हमाए समाज मि बिआ मि निरे रीती रिबाज होत एैं । जैसि कि जि सुरू होतु एै सबनति पैलि जाएै बोन्त एैं जाएै बोन्त एैं गोद भरिबौ । अगर मौडा मौंडी कौ बिआ तै है जातु एै तौ मौडा बाए मौंडी बाए के जां जात एैं । तौ बे पैलि गोद भरिकि आत एैं मौंडी मौडा बामि एक दूसरे कूं बामिं अगूंठी पैराइ देत एैं और जेई लेनदेन होतु एै जैसौ होतु एै बु । बाके बाद मिं दूसरे नम्बर पै फिर बु पीरी चिट्ठी जाति एै । पीरी चिट्ठी के बाद संगई संग पंडित कूं तुम कुंडली दिखबाइ दईं जातीं एैं । गुड मिलबाइ लए जात एै और बाके बाद पंडित एक तारीख बताइ देतु एै कि जा तारीक कूं तुमाऔ बिआऔ होइ तौ सई एै । पंडित बामि तेल चढिबे की तारीख टीका की तारीख जे सबरी तारीखैं बताइ देतु एै । बाके बादि होतु एै लौडा बाए कौ टीका लगुन ठीक एै । मौंडी की लगुन धरी जाति एै लौडा बाए कौ टीका चढाऔ जातु एै तौ मौंडी बाए बामि मौडा के जां जात एैं फिर होतु एै । टीका लगुन के बाद मिं आतु एै तेल चढबौ । तौ बु तेल चढाऔ जातु एै तेल के बाद ताई होति एै । ताई के बाद बिआ होतु एै । बिआ के दूसरे दिना बिदा होति एै । बिदा मि मौंडी अपए ससुराल मिं आइ जाति एै । जे रीती रिबाज होत एैं ।
281474976733602	हमाए समाज मिं बिआ के लएैं मौडा मौंडी मौंडी के पापा होत एैंबे का कत्त एैं कि बे पैलिं बिनकौ कौइऊ रिस्तेदार एै या कोइऊ बिचौलिआ एै बिनै अगर मौडा बताएै तौ बे जात एैं बाके घर मिं देख कि आत एैं सबन्ति पैलि बाकी जाती देखत एैं । सेम जाती हौनौं चंइएैं फिर बाकौ गौञ देखत एैं सेम गौञ न हौनौं चइंएैं । जि एक मुख्खि बात एै कि जाती सेम होनीं चइंएैं लेकिन गौञ हमाए जां सेम न हौंनौं चइंएैं । गौञ अलगई होइऔ तभई बिआ होइगौ अगर सेम गौञ होइगौ तौ बिआ ना होतु गौ । फिर बाके बाद मिं बे जब जात एैं । फिर अगर बिनैं लगतु एै कि सबकछू सई एै हमाई मौंडी जां सेटिल है जाबैई तौ फिर बे मम्पै । जा तरीका सै लौडा ढ़ून्त एैं बाके घरै जाइ जाइ कि देखत एैं अगर नइ पसंद आतु होइ तौ फिर बे मन्सै कौटि आत एैं । फिर दूसरी जगै पै जात एैं जो बिचौलिआ बताएैंगौ और बेई होत रैतु एै ।
281474976733623	जा कारिक्रम कूं पंडित और घर के लोग कत्त एैं ।
281474976733617	जादातर कारिक्रम पंडित के बताए भए समै पै होत एैं और घर मिं ईं होत एैं ।
281474976733626	नइ जा कारिक्रम मिं और कछू जरूरी ना होतु गौ ।
281474976733605	बिआ के जित्तेऊ रीती रिबाज होत एैं बिनकौ समैतौ पंडित बतातु एै और कुन्सी जगै पै हौएैंगे । जि घर कौ मुखीआ तै कत्तु एै । घर कौ मुखीआ दौंनौं घरन के जो मुखीआ होत एैं बे तै कल्लेत एैं । कछू कछू जगै दौंनौं जने दौंनौ जो परिबार होत एैं बिनके जो करीबी रिस्तेदार होत एैं बे बाहिर चले जात एैं । कछू कछू घरनमिं जिनके पास जादा पईसा न होतु बे अपए अपए घरन मिं कल्लेत एैं । कछू कछू जगै दौंनौं जने गेस्ट हाउसन मिं कल्लेत एैं । तौ जा तरीका सै जे होती एैं जगै ।
281474976733606	बिआ मिं निरे रीती रिबाज होत एैं । बिन मिं अगर हम बताएैं तौ पैलौ एै लगुन टीका । जामिं मौडी के घर मिं लगुन रख्खी जाति एै और बामिं पंडित पूजतु मल्लब मौंडी कूंहाथ मिं एक नारियल और एक कपडा धद्देतु एै और एक बडी सी परांत होति एै । परांत कू पूजत एैं बापै सांतीआ बनाइ देत एैं । फिर सन्जा कूबेई परांत और कपडा लित्ता लैकि मौंडी बाए जित्तेऊ हैंगे बेसिब मौडा बाए के जां जात एै । मम्पै पांति होति एै और मौडा कौ टीका कत्त एै और पंडित पूजा कत्तु एै । और बाके होतु एै दूसरे नम्बर पै तेल बाऔ फगंसन । तेल में का होतु एै । तेल के कारिक्रम में मौडा मौंडी के घरन मिं बिनके जो भाभी होति एै और बिनके जंग की जो सुहागिन होती एैं । बे सिब पैलि तेल पीजिबे जाती एैं मंदिरन पै और तेल पूज कि फिर लोटकिं आती एैं । बैंड बाजे बाएन के संग मिं फरि लौटिकि आइकि मौडा मौंडिन पै तेल चढतु एै अपए अपए घरन मिं । तेल चढिबे कौ कारड जि होतु एै जासै कि बिनकी जो बौडी एै जो बा सरीर पै बिनके पै नैक बिनकौ रंग खिल जएै और बाके बाद में होति एै एक ताई । तौ ताई कूं तौ रात मिं होति एै । ताई कौ मतलब एैसिईं औरतैं अपए मनौरजंन के लएैं कत्ती एैं । जासे बे जगि सकैं और नैक आंनन्द लै सकैं बिआ कौ । इत्ती जो भगदौड है जाति एै जासि बच सकैं । बाके बाद होतु एै इब मैंहदी लहबाई जाति एै । मौडऊ मैंहदी लगाबैऔ मौंडीऊ मैंहदी लगाबैई । दौनौनिके मैंहदी लहाई जाति एै । दौंनौं दौंनौं हाथन पै और पांइन पै जासिबे और सुंदर लगैं । जि कारड होतु एै मैंहदी लहाइबे कौ और रिस्तेदारऊ अपए अपए हाथन पै मैंगदी लगाइ लैत एैं । बाके बाद मिं मैहंदी लहाइबे के बाद मिं एैसिईं नांच गानौं रख्खि लेत एैं जासै नैक बिआ कौ आंनन्द लै सकैं सिबलोग । मौडा बाए के घर मिं अलग होतु एै । मौंडी बाए के घर मिं अलग होतु एै । फिर बाके बाद मिं बिआ बाए दिना मौडा मौंडी एकई जगै पै मिन्त एैं बिनके परिबार सहित । दौंनौं तईआर हैकि आत एैं । तईआर हैकि फिर बिनकी जैमाला होति एै । जैमाला के बाद मिं एक आर्सीबाद को कारक्रम चल्तु एै । सिब लौग आर्सीबाद देत एैं बापै जाइकि मंच पै जाइकि जाइकि बिन दौंनौं मौडा मौंडी कूं सब लोग आर्सीबाद देत एैं । आर्सीबाद दैबे के बाद मिं सबलोग अपए अपए घरै चले जात एैं और जो करीबी करीबी रिस्तेदार एै बे रुकि जात एैं । फिर रात मिं कन्यादान सबेरे के समैं कन्यादान होतु एै मौंडी कौ जो मौंडी के मम्मी पापा कत्त एैं । कन्यादान के बाद मिं बिदा है जाति एै तौ इत्ते फंगसन होत एैं । इत्ते रीती रिबाज होत एैं । और इनके काए के लएैं होत एैं जेऊ बताई दई ।
281474976734767	नाम बच्चा कौ धरिबे के काजैं पंडित बुलाऔ जातु एै । भड्डरी कै सकत एैं भड्डरी बुलाऔ जातु एै । बु बच्चा कौ जनमतिथी देख कि बाकौ नाम रासी कौ नाम रासीफल तुरंत सबकछू बताइकि जातु एै । और बेई बाकौ है सकतु कि नाम बताइ दे पंडित । बेई बु नाम बताइ कि जातु एै अगर तुमैं अच्छौ लगै तौ ठीक एै धल्लेऔ और नाइ अच्छौ लग रऔ तौ तुम खुद कौ कोइ नाम बाई अक्षर पै ढ़ूढि कि धल्लेऔ जो अच्छौ लगै ।
281474976734781	बिआ के कामनि में तौ सबई कछू लगतु एै एक तरीका सै । टैट भऔ चांदनी भई कुस्सी भईं करह्इआ भई मथना भए और फूल भए बातै स्टेज सजाई जाति एै कुस्सी भईं । कुस्सी डारी जाती एैं बराती काजि घरातिन काजि और स्टेज सजई गई और कमरा सजाऔ जातु एै । कमरन मिं गद्दा डारे जात एै । दाबत क्काजि सब सामान आतु एै पंसारी की दुकान पैतै । फल आत एैं औेर मेबा आति एै मसाले आत एैं दौंना आत एै पत्तर आत एै प्लेटैं आतीं एैं । धरिबे क्काजि चिम्मचि आती एैं सबजी आति एै मीठौ बनाइबे क्काजि चीनी बूरौ सबई कचू आतु एै जो कछू होतु एै दईं तौ दूध । खोआ घी तेल रिफाइंड आटौ और मैदा सूजी । सब कछू आतु एै बिआ होतु एै तौ एैसी कोई चीज नांइ जाकी जरूअत हमैं नांइ पत्ति गी । भट्टी और हलबाई काम करिबे बाईं बिलइअन जो पुरी बेनती एैं और तन्दूर और कौफी बनाइबे बाई मसीन और फूला सेकिबे बाई आजुकल्लि तौ पीजा बीजऊ बनबाए जात एैं तौ पीजा बनाइबे बाएऊ आत एैं । ढोसा बनाइबे बाए आत एैं । टिक्की बनाइबे बाए आत एैं । सरबत लस्सी सब बनाऔ जातु एै । आजकल्ल नाचिबे बाईं आती एैं मौंडी निरी नाचौ जातु एै । तौ एैसी कोई चीज नांइ जित्तौ हमाए पास पईसा होतु एै हम बाई के अनुसार बिबसथा कत्त एैं कारिक्रम की । और बा कारिक्रम मिं जो जो चीजैं धरे जाती एैं तौ बाके अनुरूपई हम अपऔं चीजैं मगात एैं ।
281474976734777	बिआ मिं जौ रीती रिबाज हौत एैं । तौ बिनकौ समै जो होतु एै बु पंडित निकात्तु एै । चौंकि हर बिआ कौ जो रीत रिबाज होति एै बाएै एक समै दऔ जातु एै जैसि कि जब मौडा और मौंडी की जनमतिथी आइ जाति एै बाएै मिलान कर कि मौडा और मौंडी के गुड मिलाए जात एैं । छत्तीस गुड होत एैं बामिसि जित्ते गुड मिल जात एैं तौ मानौ जातु एै हां जि बिआ अच्छौ एै । तौ पैलैं गुड मिलाए जात एैं फिर गुड मिल जात एैं तौ बिआ की बात पक्की होति एै फिर पीरी चिठ्ठी आति एै । पीरी चिठ्ठी मिं दई जाति एै कि कब तेल हौंनौं एैं कब ताई हौंनी एै कब मण्डप हौनौं एै कब लगुन धन्नी एैं । ठीक एै तौ जे सबरे काम पंडित ई छाटकि देतु एै कब बिदाई होइगी कब बिआ होइगौ कौंन से समै पै होइगौ कोंन सौ महूरत है । जे सब कछू पंडित कत्तु एै और बाई दिना पूरे सगुन के संग । बिना सगुन के तौ कछू होत ई नांइ सगुन की चीजै हौती एै जैसि जैसि पंडित बतातु एै बैसि बैसि करी जाती एै बाई टाइम समै सु करी जाती एैं औरु बैसिईं पूरे सामाजिक रीती रिबाज के जैसिईं करी जाती एैं । जैसि कि समाज मिं है रऔ एै बैसि करौ जातु एै ।
281474976734789	कारिक्रम में सबई बुलाए जात एैं जाैसि बिअन मिं बुलाए जात एैं । एैसिईं मान मन्ञा सबन्ति पैलिं बुलाई जाती एैं फिर लौडा बाल बच्चा ससुरारि के घर के जो कोइ रिस्तेदार एैं इन सबन्न कूं अपई शृद्धा भक्ती सूं जित्ते लोगनि कूं खबाइएैं चांऔ बित्ते बुलाऔ जातु एै ।
281474976734759	जच्चा बच्चा की छुट्टी हैकि जब आबति एै अस्पताल ति तौ घर के पैलै आंच जराइ दई जाति एै जासै हबा वयार कोई जच्चा बच्चा कूं छुइ ना पाएै फिर बाके बाद जच्चा बच्चा कूं चरपाई होति एै बाइपै लिटाऔ जातु एै । चारपाई के पाए सै बेलूआ और छुरी बांध दई जाति एै जासै कि बच्चा को कोई भूत पकन्न ना पाबै । फिर का होतु एै बाके बादिई चौथे दिनां बच्चा की जो अम्मा हौती एै बे चरबे जरातीं एैं और जो जच्चा होति एै बु बिनै नेग देति एै । फिर छठबे दिना अगर लडका होइ अगर लौडा होतु एै तौ पांचबे दिना बाकी छठी धरी जाति एै । अगर मौंडी होति एै तौ बाकी छठबे दिना धरी जाति एै । तौ जोऊ होइ बूआ छठी धत्ति एै । छठी पै बु सांतीआ बनाति एै तौ फिर बाकी मम्मी लला की या लली की बाएै नेग देति एै । और संजा कों फिर जो लला के चाचा होत एैं बे तीर चलात एैं चारौ दिसनि मिं आंगन मिं जाईकिं और फिर मम्मी बच्चा की बाएै नेग देति एै । बु छठबे दिना तकि है जातु एै बाके बाद दसबे दिना बच्चा कौ नाम धरौ जातु एै । जो नाम बाके बच्चा कौ निकारौ जातु एै बु । बाके ऊपर ई नाम धद्दऔ जातु एै । रासी के ऊपर धरौ जातु एै और अगर बच्चा के मूल परे होइं तौ फिर बिनकौ नाम धरौ जातु एै सत्ताईसबे दिनां । मूलऊ निरे होत एैं । जो मूल परे होंइं बाकी तरै सि तबई नाम धरौ जातु एै । बस्सि इत्ती चीजे होती एैं ।
281474976734786	हमाए समाज मिं मरिबे पै सिर्फ रोऔ जातु एै । एकाद समझदार आदिमी होत एैं जो रोत नांइ । रोत नांइ बेई हिल्ले लगाइ देत एैं इंसानन कूं ठठरी फठरी बांधि कि । आंच फांच जराइकि लै जात एैं । बाकी तौ अबई हमैं पतौ नांइ चौंकि अबई हम मरे नांइ । और अगर कोई कैसी घटना घटीऊ एै तौ रोइबे मिं रए एैं । जाके आंगि बताइबे मिं ऊ अजीब सौ ई लगि रऔ एै । हमाए जां तौ रोऔ ई जातु एै समाज मिं ।
281474976734761	नाम बच्चा कौ धरौ जातु एै बाके जनम तिथी के जनम तिथी के दिना सै । चौंकि जब बच्चा जा समै जा टाइम पै पैदा होतु एै जा काल मिं बु काल लिख लऔ जात एै । जब पंडित आतु एै तौ बाएै समै और दिना और बाकी जनमतिथी सब बताइ दई जाति एै । तौ बु अपए ग्रह नछञ देख कि बच्चा कौ बाकौ का कैत एै नाम कौ अक्षर बतात एै । कि बच्चा कौ कौन से अक्षर सै कौन से रासी मिं पैदा भऔ एै । और कौन से काल में का लग रऔ एै का नांइ । तौ बाके सब कछू देख कि बच्चा कौ नाम धरौ जातु एै ।
281474976734793	कारिक्रम देखौ अगर बेटा कत्तु एै । जैसि काऊ के बाबा मरि गएैं तौ बिनकौ बेटा करैऔ बेई खच्चा बच्चा कत्त एैं जित्तेऊ बेटा एैं । सब अपई सकत्ति कल्लेत एैं नाऊं करैं चाएैं कोई एक करैं चाएैं तौ बु कद्देतु एै । बैसिं जादातर बेटई कत्तुएै । । और का कैत एैं कि बडे बुर्जुग जात एैं या कोई नऔ जएै तौ बाकी तेरईं । बाकी तौ बस्सि हबन कद्दऔ जातु एै ब्राह्मड खबाइ दए जात एैं । और नईं तौ जो बूढ़े बुर्जुग जात एैं बिनकौ तौ पूरे तेरईं होतु एै दाबत होति एैं अच्छी ।
281474976734785	बिआ बिआ का होतु एै दौ अनजाने परिबारन कौ मिलन । बिनकी समझ और बिनकी सौच जब मिल जाति एै तौ मां बिआऔ भौत अच्छे सै है जातु एै । अगर जहां पै जि सोच ना मिल पातिगी बिन बियन मिं झगडौ होतु एै । भौतई बर्बादी होती एैं । अलग अलग तरीका की मनमुटान है जात एैं इन्सानन मिं तौ एैसे बिआ तौ कामियाब ना होतगे । खैर मौडा मौंडी मिन जएैं सई बिनऊ मिं समझदारी भौतई जरूरी होति एै तौ हमेसा इन्सान कौं बिआ के काजै अपए तरीका कौ इन्सान ढ़ूढनौं चइंएैं । अगर तुम गरीब औ और तुमनि भौत पईसा बाऔ ढूंढ लऔ तौ बु तुमाई कदर नां करैऔ ना बाए तुमाई चीज सुआएैंगी । तौ और अगर तुम पईसा बाए औ और बु गरीब एै तौ तुमै बाकी चीज ना सुआएैंगी । तौ जाके माएैं आदिमी की समझ और सोच जहां मिल जएै बिआऔ मईं कन्नौ चईएैं । एक कों चलौ ठीक एै कि तुम गरीब औ तुम अमीर औ लेकन सोच और समझ दौनौ जां मिलै बिआ मईं हौंनौं चइएैं । बाकी तौ बा बिआ की तइआरी तौ और कोई करै गौ नएैं सिबाई मम्मी पापा के । मम्मी पापई अपए बच्चन कौ सबन्ति जादा भलौ चांत एैं । बेई सबसि जादा अपए बच्चन के बारे में सोचत एैं । बाकी बाबा भएै अम्मा भईं ताऊ भए ताई भईं । इन लोगन कूं का एै अगर पईसा एै पईसा खच्चु कद्दिंगे बाके बाद दूर हटि जाएैंगे लेकिन जो पापा होत एैं मम्मी होतीं एैं बे तौ जिंदगी भर देखती एैं । बिनके बच्चा खुस एैं कि नांइ तौ बिनै जादा समझ होति एै बस्सि जेई कैबे चांत एैं ।
281474976734773	मौडा मौंडी कौं देखौ मौंडी कूं तौ ढ़ूढने ना पत्त । मतलब अगर कि बहू कूं अगर मौडा हमाऔ बिआ कूं एै तौ तौ खुदई आत एैं घर मिं रिसता । और अगर मौंडी बिआ कूं एै तौ फिर मौडा ढ़ूढनौ पत्तु एै जो कि मौंडी के पापा ढ़ूढत एैं । बे बिचारे बिनै जो कोई बतातु एै बे बा जगै जात एैं देखत एैं अपए । जैसौ है लौडा मौडा कि नांइ का कत्तु एै का नां कत्तु । अगर सई लगतु एै तौ कद्देत एैं न तौ फिर जि एै कि मौडा मौडी के मामा भएै फूफा भए जो कोई बतातई रैत एैं । अगर मौंडी बिआ कूं एै तौ कोई सई लौडा मौडा दिखि जातु एै । तौ बात बढात एैं आंगि फिर बिआ कद्देत एैं ।
281474976734765	जा दिना नाम धरौ जातु एै बा दिना का अगर पंडित आइ रऔ एै तौ बाक्काजि पूजा की सामिग्री चइंएैं । और घर मिं अगर कोई तुम कारिक्रम कर रए औ अच्छौ सौ । सबजी फबजी बनबाइ रए औ तौ सब सामान चइंएैं सबजी चइंएैं जो जो चीज बनबाइ रए औ बाकी तरै सै जो जो जरूरत एै बाकी तरै सैई सब सामान लै लऔ जातु एै और कौई । और कोई कैसौ तौ हतौ नांइ । दौना पत्तल डबूआ जैसौ ऊ तुमैं दाबत कन्नी एै बाकौ सामान लैनौं पत्तु एै । बच्चा क्काजि कपड़ा फफड़ा लैने पत्त एैं नए जो बच्चा पैंह्नि कि बैठतु एै । और कछु नांइ मम्मी क्काजि कपड़ा होतई एैं कोई अच्छे से कपड़ा साफ सुन्दर कपड़ा पैह्न कि बैठौ जातु एै । सौई पापा क्काजि और कछू सामान नऔ ना लऔ जातु बेई सामान मिं है जातु एै सब कछू ।
281474976734768	पांति होति एै सन्जा कूं कारिक्रम करौ जातु एै । पांति मि देखौ कछू तुम अपए श्रद्वा ति जो कछू बनबाऔ बु कर बाइ लेऔ हमनै तौ अपए घर मिं । मटर पनीर बनबाई छौले की सबजी बनबाई पूड़ी बनी हती चाबल बने हते रसगुल्ला बने । एैसै एैसै सबरी चीजैं बनबाईं हतीं । बफर कराई दऔ हतौ । आराम ति सब लोगन्नि अपईं अपईं पलेट उठाईं खाना खाऔ । कोई झनझट ई नई औ सब कछू अच्छे सि है गऔ और सब अपने अपने खाइ किं जित्तेऊ रिस्तेदार बुलाए सब अपए अपए घरै चले जात एैं ।
281474976734770	जनम सै लैकैं नाम धरिबे तकि जरूरी तौ बातै भौस्सी होती एैं जैसि कि । बाग कडतु एै सफाई मतलब सोबर है जाति एै घर में तौ सफाई हैबौ भौत जरूरी एै सोबर निकरबौ भौत जरूरी एै घर सै तौ बाक्काजि नांइन आति एै । नाइन सोबर निक्काति एै जच्चा कूं नभाति धुबाति बु भौत जरूरी एै । और बच्चा कु नभाति एै जासै कि बच्चा के जो पेट की गंदगी होति एै बु साफ बाफ करि कि जाति एै । जि भौत करूरी होतु एै सफाई चौंकि सफाई ना होइगी तौ सरीर मिं भौत ई तरीका के मतलब कीटाडू हाल आइ सकत एैं । सफाई हैबौ भौत जरूरी एै चौंकि जच्चा रोज तौ नहात नांइ । छठबे दिनई नहाति एै इकट्ठी तौ फिर बामिं जो गंदगी होत एै तौ बु निकरबौ भौत ई जरूरी एै । और बच्चा की नजर झार दैनीं चंइएैं । बच्चा कूं भौतई जरूरी एै कि बच्चा को मतलब नाम धरिबे तक का नाम धरैं कि बच्चा एक दुएै साल तक आराम सै बच्चा की देखरेक करी जाएै अच्छे सै । चौंकि अगर देखरेख नांइ होति गी तौ बच्चा बीमार ऊ है सकतु एै जच्चऊ बीमार है सकति एै । और जि बाई बात और भौत जरूरी एै जच्चा और बच्चा दोनौन कौ पानी सै दूर रख्खनौं एै । मतलब कि अगर ठंडैं एै तौ जाडे एैं तौ जच्चा कूं पानी में नैंकऊ हाथई नां दैनौं चौंकि बानि नैंकऊ हात पाऊं दै लएै नैक ठंडे मि काम कल्लऔ तौ सूजन आइ जाति एै जो कि जिंदगी भर चल्ति एै मरिबे तक मतलब बीमारी कटति ई नांइ । तौ जे ध्यान दैबे बाई बातैं एैं जो कि सबन्न कूं ध्यान मिं धन्ने चइंएैं ।
281474976734764	नाम धरिबे को जो दिना पंडित बुलाऔ जातु एै । घर की मान मन्ञा बुलाए जाती एैं जैसि बच्चा की बूआ भईं अम्मा भईं बाबा भए अगर जे घर मिं ईं रैह्त एैं तौ तौ ठीक एै बिआ बिआ ना भऔ बूआ कौ तौ ठीक एै ना तौ इनकौ बिआ है गऔ हौइ तौ फूफा बूआ इनके घर बाए । और ताई ताऊ चाची चाचा और बाकी जो रिस्तेदार होत एैं सब बुलाए जात एैं नानी के घर सु बुलाऔ जातु एै नाना आत एैं मामा आतु एै मांईं आती एैं कछु लात एैं कछु मिं खूब सारे बच्चा क्काति कोई चीज लात एैं खडूआ लात एैं । लली एै तौ पायल लात एैं । खिलौंना लात एैं कपडा लात एैं सबन्न क्काजि पूरे । बच्चा के दादी बाबा अम्मा परदादी परबाबा चाचा चाची और जित्तेऊ लोग एैं सबन्नि काजि कपडा लित्ता लात एैं । खूब सारी चीजैं अच्छे सैं लडूआ फडूआ बनाइ कि भेजति एैं बिनकी मम्मी । एैसैं सबन्नू कूं ईं बुलाऔ जातु एै जब बच्चा कौ नाम धरौ जातु एै एक तरीका सै सबन्न कूं ईं भोजन कराऔ जातु एै अच्छे सै । और खूब नांचा कूदी होति एै खुसी मनाई जाति एै हम लोगन के घर मिं तौ खूब अच्छे सै मनाऔ जातु एै जि दिना और भौत सगे सम्बन्धी एैं बिनैंऊ बुलाइ लऔ जातु एै । जासैं कि बच्चा कूं खूब आर्सीरबाद मिंन्तु एै बच्चा खूब सई रैह्तु एै । सबन्न के आर्सीबाद मिल्तु एै तौ बच्चा खूब अच्छे सै पल बढ जातु एै कोइ दिक्कत नां आति गी ।
281474976734776	बिआ मिं निरे रीत विबाज होत एै और बे हर रीत रिबाज जरूरी होत एैं चौंकि जि पुरानी परंपरा चली आइ रई एै कि बिआ के रीत रिबाज एै बिनैं पूरे कन्ने पत्तु एै । चौंकि अगर बे ना होत गे तौ फिर बिआ मतलब कि बिआ लगतु ई नांइ । बु लगतु एै जैसि कि कोट मैरिज कल्लई एै । मतलब कि कोई और जि न कै पाए कि तुम बिना रीत रिबाज के आइ गईं औं मतलब कोइ तुमै एैसिईं उठाइ लिआऔ एै । पूरे रीत रिबाज सू अपनाए जात एैं । जैसि कि सबन्तै पैलै भैंटै बटती एै जि रीति एै भैंटै दई जाती एैं । फिर गोद भराई भई गोद भरी जाति एै मौंडी की । मौंडी की गोद भरिबे के बाद तिलक होतु एै लौडा कौ । मौडा कौ तिलक होतु एै लगुन धरी जाति एै । एैसे रीत रिबाज एैं फिर हल्दी लगाइ जाति एै हल्दी के बाद माडौ होतु एै और एक ताई होति एै रात कूं गाने बाने गाए जात एैं । जैसे कि लगतु एै कि घर मिं कोई कारिक्रम हेै रऔ एै । तौ जे रीत रिबाज जरूरी होत एैं एक तरीका सै । जासै कि बिआऔ पतौ चलै हमाए रिस्तेदारन कूं पतौ चलै हमलोग कूं खुशी जासै खुशी सै अपए मतलब कि मौंडा या मौंडी कौ बिआ कर रएैं । जा बजै सि होत एैं और जेऊ एै कि समाज मतलब बिनै अपनाए कि देखौ हमनैं अपनी मौंडी कौ बिआ जां करौ एै जा मौडा के संग करौ एै । हमाए अपए मौडा कौ बिआ जा मौडी सि है रऔ एै कैसि हम मलतब पूरे कारिक्रम कूं कर रएैं । कित्तौ पईसा खच्चु कर रएैं कित्तौ लै रएैं जासै कि हमलोग समाज मिं जि एक बात आइ सकै कि हां हमनि कोई चौरी ना करी । डकैती नां डारी अपए सबन के सामनैं बिआ भऔ एै सामाजिक होती एैं जे रीती रिबाजैं जासि समाज इनैं अपनाइ सकै । समाज मिं कल्लि कू जि ना होइ कि जि एैसिईं भजि आइ एै जि मौंडी । जा बजै सि बने भए एै जै सबकछू रीती रिबाज और जाइ बजै सि करे जात एैं ।
281474976734794	मरिबे के बादि जब पांति होति एै बामिं पूआ कोई पुरी ऊ कराऊठौ एै आजुुकल्लि । पूआ - पुरी खीरि सबजी राइतौ और बूंदी के लडूआ सूखी सबजी रसीली सबजी पानी बस्स ।
281474976734787	जादातर कारिक्रम मरघटा मिं होत एैं फिर बाके बाद तेरईं मिं होत एैं । तेरईं मिं तेरै दिना के बाद होति एै तेरईं । और कऊं करबाई देत एैं घर बडौ होइ तौ घर की छत्ति पै करबाऔ नईं तौ खेतनि मिं करबाइ देत एैं तेरईं ।
281474976734778	बिआ मिं किनै बुलऔ जातु एैै जैऊ । बिआ मिं देखौ किनै छोडौ जातु एै जि कऔ । बिआ मिं मौंडी कौ बिआ एै । मौंडी की मम्मी तौ रैह्तिई एैं पापऊ रैह्त एैं । अम्बा बाबा चाचा चाची बूआ फूफा जिजी जीजा बिनके घर बाए अपईं सहेली सखा । जोऊ कोई एैं दूर दराज के लोग सबन्न कूं ईं बुलाऔ जातु एै एक तरीका सि । मतलब लेकिन बाक्काजि सबन्सिं पैलिं एक सूची तईआर करी जाति एै बा सूची मिं सबन्नि के नाम लिखाए जात एैं कि हमैं इनै इनै बुलानौ एै । अपए जित्तेऊ जानपैचान के होत एैं बिन सबन्न कूं बुलात एैं । बस कबऊ कबार तौ कछू लोग अपए दुसमन कूं ऊं दै देत एै कार्ड । चौंकि नौंतौ दै देत एैं बिआ रोज ना होत गे । तौऊ जादातर तौ लोग अपए सगे संबन्धी कौंई बुलाऔ जातु एै रिस्तेदारन कूं बुलाऔ जातु एै ।
281474976734769	को देबैगौ अगर जब बच्चा जनमतु एै बासैं लैकै बच्चा के नाम धरिबे तक कौ जित्तौऊ घर मिं खच्चा होतु एै । हमाए जां तौ हमाए लला के पापा नि ई दए हते तौ मतलब बेई इन्सान पइसा दै सकतु एै जो कमातु होइ । तौ बाबा अगर खच्चु कर रएैं तौ बाबा कद्दैं बाबा कमाइ रएैं तौ बाबा नां कमात जाके घर मिं । बच्चा के पापा या मम्मी कमाइ रए होत एैं तौ बे देत एैं । मतलब जि एै कि जो कोइ कमाइ रऔ होतु एै और परिबार सम्मलित एै तौ बेई पईसा खच्चा कत्तु एै ।
281474976734784	बिआ की सबरी तइआरी काजि मौडी को बिआऔ एै तौ मौडी के पापा देत एैं सबरी तइआरी काजि और अगर मौडा कौ बिआऔ एै तौ मौडा के ऊ पापई देत एैं ।
281474976734783	बिआ के बाद जो पांत होति एै बामिं सबई कछू पस्सौ जातु एै जैसि पूडी एैं पुरी एैं सब्जी एै छौले एैं मटर पनीर एै राइतौ एै रसगुल्ला एै । इमत्ती एै चामर एैं और पानी एैं । धत्ती की दाबत है रई एै तौ जि सब कछू पत्तरि पै पस्सि दऔ जातु एै । अगर बफर सिसटम करौ एै पलेटनि बाऔ तौ जि सब कछू लगाई कि धद्दऔ जातु एै भबौनन मिं । डौंगची होत एैं डौंंगा बिनई मिं धद्दऔ जातु एै अलग अलग । आदिमी लोग आत एैं अपई अपई पसंद ति जो जो चीज खानीं होति एै पस्सि लेत एैं । जो जो चीज नां खानी होति बु नां पस्सत कि । एैसैं बिआ के बादि जित्ती चीज बनी होती एैं बे सिबई धरी जाती एैं ।
281474976734774	हमाए समाज मिं तो जि बिआ करौ जात एै । मौडा कौ होइ या मौडी कौ होइ निरे रित - रिबाज होत एैं जैसैं सबन्तै पैलैं । हम बतात एैं कि हमाए घर मिं एक मौडा कौ बिआऔ एै तौ पैलैं मौंडी बाए आंएैंगे देख - दाख कि जांगे मौंडी के भइआ पापा फिर फिर बे अपए रिसतेदारन कूं लैकि आत एैं अगर बिनैं सब कछू सई लगतु एै । तौ अपए रिस्तेदारन कूं लात एैं मौंडा बाए के घर बाएन कूं पइसा दैकि जात एैं जाएै बौन्त एैं रौका । भैटैं - फैटैं जित्ती दिब्बाइ जएैं भैटैं - फैटैं है जाएैंगी बाके बादि मौडा के घर बाए जांगे तो गोद - फोद भरि आत एैं मौडी काजि कपड़ा लै जात एै बाके घर बाएन काजि लै जात एैं बाल - बच्चेन काजि कोई पांच - दस चीजैं जैसैं चीजैं बिनैं लै जानी एैं चीजैं लै जात एैं मौडी काजि । तौ बितैऊ मतलब कि बिआ सु ई तै है जाइबे तक बु है जातु एै । फिर बाके बादि मौडी बाए के घर बाए पीरी चिट्ठी निकर बाइ कि भेजत एैं पीरी चिट्ठी निकर बाइ के बामिं बिआ की तारीक , तेल, ताई का - का होतु एै । और टीका लगुन सब्बन कौ तारीक निकरबात एैं । टीका लगुन के दिना मौडी बाए जात एैं टीका लैकैं मौडा बाए के घर मिं । मौडा कौ तिलक चढात एैं सामान कप बासन - भूसन लै जात एैं, फल - फलारी, कपडा - लित्ता, धोती - फोती सब लै कि जात एैं । फिर बाके बादि मौडी बाए के घरै का कैत एैं तईआर है जातु एै । मौडी बाए के घरै तेल ताई सुरू है जाति एै लगुन पुति जाति एै फिर तेल होतु एै ताई होति एै । बाके बादि मांडौ होतु एै मांडे के दिना भातु पिन्तु एै । भात पैंनात एैं मौडी के मामा ।मौडा के घर में ऊ भात पैंनाऔ जातु एै । मौडा के घरै भात पैंनाऔ जातु एै । भात पैराइबे के दिन बराइत जाति एै बराइत लै कि जात एैं । फिर बराइत लै जाइकि बितै सै सब कछू अपऔ बिदा कराइ कि लात एैं । सरबत पिबाऔ जातु एै दुआर रौकौ जातु एै । एैसैं ई सबरे काम निरे रीत - रिबाज एैं सो कन्ने पत्त एैं । और का ।
281474976734795	कारिक्रम को का सबरे नाती पन्थी बेटा जेई सबकछू कत्त एैं और । बेटा पइसा देतु एै कित्ते बेटा एैं चारि एैं तौ चार दिंगे दौ एैं तौ दौ दिंगे चौंकि मम्मी पापा तौ सबन्नि के ई होत एैं । और अगर कोई अकेलौ एै तौ अकेलौ ई खच्चु कत्तु एै ।
281474976734771	हमाए समाज मिं बिआ ति पैलैं मौडा मौंडी मिलूठे एैं अब तौ । पैलै ना मिलते अब तौ भौतई जरूरी है गऔ एै दौनौन कौ मिलबाईबौ चौंकि पैले के टाइम मिं समैं में तौ एैसैंईं बिआ कल्लेतए बिना देखैंईं । अब तौ बच्चा भौतई सिआंने है गएैं अगर नांइ मिलबाऔ तौ कोइअऊ चीज है सकति एै । मल्लब कि दौंनन कौ भबिष्य खतरा मिं ऊ पस्सकतु एै जाई बजै सैं । बिनै मिलबाइबौ ठीक रैतु है जासै कि बे दूसरे कूं दोष ना लगाइ पांएैं । जा बजै सै अब तौ हमाए जां मौडा मौडी बिआ सै पैलैईं मिन्त एैं ।
281474976734766	बच्चा कौ नाम तौ बैसै पैले के टाइम में बूआ धरी जाती । बच्चा की बूआ धत्ती या बाबा धत्ते और बाकौ जो जनमकालु होतु एै जो पंडित बताइ कि जातु एै जनमरासी बाके दुआरई धरौ जातुएै नाम । अब तौ जि एै कि मम्मी धल्लेतीं एै पापऊ धल्लेत एैं जा काऊ मल्लब जो अच्छौ नाम सबनसिं जादा लगिजएै । जो अच्छे अच्छे लोग होत एैं भगबान बिनके नाम धरे जात एैं । कोई राबड और कंस कौ नाम ना धत्तु गौ । सब लोग एैसौ राम एै बासुदेब है एैसे नाम धरे जात एैं जो कि अच्छी आंत्मा आती एैं अच्छे अच्छे लोग काम कत्त एै तौ बिनईं के ऊपर अच्छे अच्छे नाम धरे जात एै ।
281474976734782	रीती रिबाज मम्मी कत्ती एैं मौडा की मौंडी की । सबए रीती रिबाज बेई करबती एैं भैनि करबाती एैं भाभी करबाती एैं । पापा होत एैं पापा भइआ मौंसा फूफा । जे सब अपऔ खाने पीने कौ देखत एैं । टीका लगुन मिं का जानौ एैं । बिआ मिं कैसि कैसि कन्नौं एै जि बाहिर की चीजैं होती एैं सबरी आदिमी देख्त एैं बर्तन भांडे । का का जानौ एैं कैसि कैसि रख्खने एैं जि सब कछू आदिमी देखत एैं और घर की जो चीजैं हौती एैं कैसि कैसि कट्टा कन्ने एैं । मधना कन्ने एैं का का बन्नौं एैं का का दाजे मिं जाइगौ दैने मिं जाइगौ । का का जो जो कैदे बारौटी होइगी । जि सब कछू मौडा की मम्मी या मौंडी की मम्मी देखती एैं घर में । कित्ते कपडा जाएैंगे कैसि जाएैंगे जि सब कछू मौंडी की मम्मी देखती एैं । और बैसिईं मान लेऔ मौडा बाए के जां भईआ पापा बाबा । जे सब कछू सबरी चीजैं देखत एैं जेई पईसा खच्चु कत्त एैं अपए ।
281474976734762	जा दिना नाम धरौ जातु एै बच्चा कौ बा दिना पंडित और भड्डरी कों सबेरें बुलाऔ जातु एै । दान दऔ जातु एै । पंडित आतु एै हबन कत्तु एै पूजा कत्तु एै बच्चा की । दिना देखतु एै बाकी बच्चा की बूआ कूं बुलाऔ जातु एै । अम्मा, बाबा - आबा जे घर मिं संग रैह रएैं तौ तौ ठीक ई एै और ना रैह्तगे तौ इन सबन्न कूं बुलऔ जातु एै । चाचा एैं चाची एैं ताऊ एैं ताई एैं नानी के घर सूं बुलाइलए जात एैं । मामा माईं और बे लोग कछु लै कि आत एैं बच्चा काजि कपडा कछू ठीक लैकि आत एैं बच्चा काजि, पालना लैकि आत एैं खिलौना लैकि आत एैं । इन सबन्न कूं बुलाऔ जातु एै रिस्तेदारन कूं बुला लऔ जातु एै । अपए सगे - सम्बन्धी होत एै खास बिन सबन्न कूं बुलाऔ जातु एै ।
281474976734796	कारिक्रम मिं हमाए जां और कछू ना होत गौ । बस जेई एै कि आत्मा की सुध्दी क्काजि जित्तेऊ काम होत एैं बे कराइबौ भौत जरूरी होत एैं । का है कि आत्मा कौ भटकनौं ना चइंएैं आदिमी अगर अपऔ सरीर छौद्दे तौ बाकी आत्मा कौं पूरी तरीका सै सांती मिलनी चइंएैं । जैसे कि बु इतै बितै ना भटकै । बु नऔ जनम ले जाइकि दूरसौ सरीर धारड करै । और तौ बाकी सब आदिमी की मौह माया एै । जित्तौ कल्ले बित्तौई कम एै । तौ सई बात तौ जेई एै कि जित्तौऊ सुध्दी करड होइ सुध्दी करड जरूर कन्ने चइंएैं । चएैं कोई कछू कएै सांतीपाठ तौ भौतई जरूरी एै । सांतीपाठ तौ जरूरी कराने चइंएैं आदिमी कूं ब्राह्म्ड खबाने चइंएैं । दान दक्षडा दैनी चइंएैं जासै कि आत्मा की सुध्दी है सकै ।
281474976734790	काऊ दिसा मिं बैठि जात एैं कारिक्रम मिं का । जैसि लोग होत एैं सीधी सीधी डाद्दई जाति एैं पटिआं बिनई पै बैठत जात एैं लोग । टाट की पटिआं डाद्दई जाती एैं बैठत जात एैं बामि कोई दिसा को कोई जरूरी नांइ कि एकई दिसा मिं मौ करिकि बैठौ जएै ।
281474976734780	बिआ के रीत रिबाजन को का तरीका होतु । तरीका तौ जौं होतु एै । कि जब बिआ होतु एै । पैलिं बाकी तारीक - बारीक निकारी जाति एै । कोन से दिना का हौनौं एै जि करौ जातु एै । फिरि पूरे तरीका सि होतु एै जि कि । दुल्हन आइ गई । दूला बराइत आइ गई । तो बाकाइदा दूला कूं बैठाऔ जातु एै फिर दुल्हन आति एै । जैमाला डारी जात एै । जैमाला डरिबे के बादि खानो - पीनो होतु एै खानो - पीनो खाइबे के बाद । दूला - दुल्हन के फोटो - बोटो खिचत एैं । फोटो - बोटो खिचिबे के बाद बिनैं लै जाऔ जातु एै । फिर बे बाके बादि नैक आराम कत्त एैं फिर बाके बादि सबेरि कन्यादान होतु एै । कन्यादान काजि फिर बैठौ जातु एै । हाथ पीरे है जात एैं । मम्मी - पापा कत्त एैं मौंडी के । फिर हाथ पीरे हैबे के बाद । बिनको गठबन्दन होतु एै । गठबन्दन के बाद बिआ पढ़ौ जातु एै । सात फेरे बचन लएै जात एैं । फेरे होत एैं गोद भरी जाति एै धान बए जात एैं । धान बइबे के बादि मांग भरी जाति एै । बाइ बीच मिं जूता चुज्जातु एै सारी चुराति एै । जूता - बूता बापस पैंनिबे के काजि दूला खडौ होतु एै फिर जूता मांगतु एै । जूता मिल जातु एै फिर बाके बाद दूला - दुल्हन दौनौं उठिकि जात एैं दौनौं कमरा मि । दूलाबाती कराइ किं फिर सारी होती एै जो दरबाजो रोकति एै । फिर बाएै नेगु दैनौं पत्तु एै दूला कूं दरबाजौ रौकिबे के बादि । दूलाबाती है जाइबे के बाद दुल्हन कूं तइआर करौ जातु एै बिदा के काजि । बिदाई है जाति एै बिदाई हैकि ससुरार जाति एै तौ सरबत पिबाऔ जातु एै । सरबत पिबाइबे के बादि घर मिं घुसति एै दुल्हन । दुल्हन कूं सीधौ पाऔ धरबाऔ जातु एै पानी भरिकि धर दऔ जातु एै रंगु डारिकिं बामिं पांइ बौर कि बामिं भीतर कूं घुसति एै । फिर एक - एक करिकि औरतैं टीका कत्ति एैं । टीको कत्ती एैं दूला - दुल्हन के पइसा देती एैं । बाके बादि बैठार दऔ जातु एै दुल्हन कूं भीतर । बाके बाद । निरी सारी रीती - रिबाज और एै एैसेई । तीर चलाऔ जातु एै गांठ खौली जाति एै । तौ जे सब कछू पूरे बिधी - बिधान ति करे जात एैं । बाके बाद मौंह दिखाइ होति एै । इत्तेइ एैं और बीच मिं जब । दूला - दुल्हन घर मिं आत एैं तो कमरा मिं । का कैत एैं मौंडा की भैन उनको दुआर रोकति एैं फिर दुल्हन बाएै नैगु देति एै । तो एैसेई सब रीत - रिबाज एैं जो जिनकौ जि तरीका होतु एै तो मम्मी कराति एैं मम्मी, ताई, बूआ । और बेऊ खबाई जाति एै गौरारी । । जब बहू घर मिं आइ जाति एै तो गौरारी खबाइ जाति एैं बामिं कडी चामर झोर चामर बनाए जात एैं ।
281474976734772	हमाए समाज मिं बिआ के काजै मौडा मौंडी एैसे ढूढे जात एैं जो हमाऔ गौतु होतु एै । गोञ को न हौंनौ चइएैं हमाए दूसरे गोत कौ हौंनौ चइएैं । अगर बाई गोत कौ एै तौ फिर बु हमाऔ भैन भइआ कैलायौ तौ जा बजै सै दूसरे गोत कौ हौनौ चइएैं । और मतलब हमाए तरै कौ हौंनौ चइएैं हमाए जैसौ परिबार हौंनौ चइएैं । जैसौ चांत एैं बैसौ अगर हमाई मौंडी सुज्ज एै तौ सई परिबार ढ़ूढौ जातु एै मतलब अपए जैसौ ढ़ूढौ जातु एै जैसे हौ तुम ।
281474976734788	मरिबे के बादि कौन से कारिक्रम होत एैं । मरिबे के बाद सब कूं लै जाऔ जातु एै मरघटन मिं । मां जाइकि बिनकौ किरियाकलाप हौतु एै मन्तै लौट कि आत एै फिर सुध्दी होति एै । नाखून कटत एैं बार कटत एैं बार उतारे जात एैं कपडा धोए जात एैं नहाइबे जात एैं । फिर कछू दिनन बाद तेरै दिना बाद हबन कराऔ जातु एै । पंडितन कू खबाऔ जातु एै तेरबी करी जाति एै । अपए श्रद्धा अनुसान लोगन कूं नौंतौ दऔ जातु एै । बाके बाद जब एक साल के भीतर दौ साल के तीन साल के भीतर गंगाजी मिं रेख सिराइ दई जाति एै धरि कि । असथिआं जिनै बौन्त एैं । और जि सब कछू जा बजै ति होतु एै चौंकि कि जो हमाई आतमा होति एै बाएै सांती मिल सकै बाएै नऔ जनम मिल जएै बाकौ जंन तै मौह हटि जएै । जाई बजै सि सबरे सुध्दीकरड होत एैं । सबरी चीज सुध्दी करी जाती एैं जाके माएैं कि बा आतमा कौ जंन सै मौह हटि किं दूसरी जगै जनम है जएै ।
281474976734775	बिआ के रीती रिबाज बाई जगै पै करै जात एैं जां सुबिधा रहै । जैसे कि बिआ की गोद भराई भई गोद भराई एै तौ घर मिं भौत सारी जगै एै । तौ घर मिं कल्लेऔ नएैं तौ कऊं होटल लै लेऔ कोई एैसी जगै देखि लेऔ जां अच्छी जगै होइ जां चांदनी फांदनी लगाइ कि मां कस्सकत एैं । और बाई जगै पै करे जात एैं और जैसि तेल एै तौ तेल तौ तेल के ई दिना चढाऔ जाबैऔ । बाएै जादातर तौ घर मिं ईं चढाऔ जातुएै । मण्डप एै तौ मण्डप तौ मईं गढतु एै जां पै भात फात पैंनाऔ जातु एै । तौ मईं पै आंगन मिं गाढौ जातु एै फिर अगर बिआ एै रऔ एै धरमसाला मिं धरमसाला मिं लै जात एैं । उठाइ कि मण्डप कूं नईं तौ अगर घर मिं ई है रऔ एै बिआ तौ घर मिं ईं रख्खौ एै जातु एै । तौ जि तौ लोगन के ऊपर निर्भर कत्तु एै कि बे कौन सी जगै करिबौ चांत एैं । मतलब तईआरी अगर घर बडौ एै भडिआ एै तौ घर में करै नईं तौ धरमसाला मिं करौ जातु एै ।
281474976734791	कारिक्रम करिबे कौ का तरीका होतु एै तेरईं मिं । एक दिना पैले से ईं कारिक्रम की तईआरी है जाती एैं । घर मिं टैंट फैंट मंहाइ लऔ जातु एै । दूरसे दिना आतीं एैं जा दिनईं तेरई फेरमी होति एै कारिक्रम बा दिना आती एैं । सबई रिस्तेदार जि नांइ कि एक दिना पैले सि आइ जएैं । आती आती औरतैं थौडी रौइ रौइ कि आती एैं । दाबत खाइ खाइ कि उठती चली जाती एैं । जेई तरीका एै तेरबी बामि कोई पंडित कू निकरबाइबे की जरूरत नांइ कि कब एै तेरबी कब एै का ।
281474976734792	कारिक्रम मिं सिबई सामान लगतु एै जैसि पूआ कन्ने एैं तौ पूआक्काजि आटौ लगैऔ । रंग चईंएैं रिफाइड चईंएैं करईआ चइएैं सबजी बेऊ आलू की आलू सूखी । जो सबजी बनानी एै बु एक रसीली सबजी बनाबत एैं हमाए जां आलू टमाटर की आलू और इतै गोभी की । राइते कि काजि बूंदी चइएैं होति एै मठा । खीर क्काजि दूध चीनी और चाबल बस्स । पत्तर डबुआ सरईंआ जैई दाबत मिं होतु एै । कऊं कऊं लडुअऊ बनबाए जात एैं बूंदी के हमाए जां ना बनबाए जात कऊं कऊं बनबाए जात एैं लेकिन ।
281474976734779	ना बिआ मिं लोग कैसै ऊं बैठ सकत एैं काऊ दिसा मिं मौ कर कैं । । कोइ जरूरी नांइ कि एकई दिशा मिं मौं कर कि बैठैं चौंकि जो मौडा मौंडी होत एैं दूला दुल्हन बे एक दिसा मिं पडिंत मौं कराइ लेतु एै कि जा दिसा मिं करिंगे मौं । बाके बाद जित्तेऊ बराइतिआ घराइतिआ होत एैं बे कितऊ दिसा मिं मौं कर कि बैठ सकत एैं कोई जरूरी नांइ कि एकई दिसा मिं काऊ एक निसचित दिसा मिं बैठैं मौं कर कि । बे कितैऊ अपऔ मौं करकि बैठ सकत एैं चएैं दूला की तरफ मौं करैं चएैं करैं दुल्हन की तरफ ।
281474976735736	जब बच्चा होतु एै औरु जब तक बाकौ नाम करण होतु एै बु बाके मूल के आधार पै ई निस्चित करौ जातु एै कि बा बच्चा कौ नामकरण कब होगौ और कौन से दिना होगौ । चौंकी बच्चा के जनम और बच्चा की समै के हिसाब ति बाकी मूल आबत एैं हमाए जां तौ जेई एै और फिर बाके बाद मूल के हिसाब ति जा दिना आयौ होइयौ बई दिना हम । बाकौ नामकरण करबांगे पूजा करबांगे हबन करबांगे बई के हिसाब सि बाकौ रासी पै जो नाम आबैगौ बई हिसाब ति कल्लिंगे बच्चा कौ नाम । एैसि रख्खौ जातु एै हमाए जां तौ ।
281474976735754	बिआ की रीती रिबाज तै होति एैं लडका लडकी की कुंडली देख कि फिर पीरी चिट्ठी भेजी जाति एै लडका के जां लडकी की तरफ ति ।
281474976735739	नाम रख्खिबे बाए दिना पंडिज्जी बुलाए जात एैं । बे पूजा कत्त एैं और नाम रख्खत एैं और अपए रिस्तेदार बुलाए जात एैं । जो भी होति एै बु बुलाई जाति एैं ।
281474976735764	जादातरै किरिआकरम अपने खेतन पै लै जाइकि करबाबत एैं औरु रात दस बजे ति पैलिई करबा देत एैं । दिन दिन मि करबाबत एैं । रात दस बजे ति पैलि ।
281474976735741	नाम धरिबे के कारिक्रम मि मम्मी पापा बच्चा के और बच्चा गोद मि होतु एै पंडित जी बिनै एक एक करिकि मञ पढ़त एैं औरु बई हिसाब ति हबन में करबाबत एैं औरु कछू देर बाद नाम रख्खिबे जातु एै रासी बासी देख कि बस्सि जेई होतु एै ।
281474976735744	नाम रख्खिबे के काम एै पंडित जी कत्त एैं ।
281474976735743	बच्चा कौ नाम रख्खिबे के लैं पञा देखी जाति एै । पञा मि समै का समै जनम भयौ बच्चा कौ और कौन से नक्षञ मि भयौ बा हिसाब ति बच्चा कौ नाम रख्खौ जातु एै ।
281474976735735	हमाए जां पै बच्चा हैबे पै मूल काटिबे के लैं पूजा करी जाति एै बा पूजा के हैत ही बच्चा कौ नाम रख्खौ जातु एै । अब जो रासी होगी बई पै नाम रख्खौ जागौ बच्चा कौ ।
281474976735758	बिआ के कारिक्रम मि एक देबतन कौ कलस होतु एै अलग ति बु लगतु एै और हबन जत्तु एै फेरन के लएैं बामि सामग्री लगति एै । भौत सारे पेड बेड होत एैं उनकी लकडी बकडी होति एै पीपल बगैरा की आम बगैरा की । हबन होतु एै और हल्दी एै और टीका के लैं चाबल एैं और जे सब चीज लगति एैं ।
281474976735738	नाम बच्चा कौ घरिबे के लएैं बाके जनमदिन के समै के हिसाब ति रख्खौ जातु एै । बई हिसाब ति मूल आति एैं कि कौन से दिना का होगौ और कौन से दिना नाम रख्खौ जागौ और पूजा कब होगी जि बिधी होति एै ।
281474976735751	हमाए जां बिआ मि भौत सी रीती रिबाज एैं । पाएैं पूजीबौ कन्यादान लैबौ माला कौ प्रोग्राम होतुई एै । बिदाई होति एै और कन्या को जो भातु आतु एै या मौडा होगौ बाकौ मामा भातु लैकि आबैगौ । जे भौत सारे प्रौगाम हौत एै हमाए जां ।
281474976735756	बिआ मि लडका बाए जनमासे मि बैठत एैं और लडकी बाए अपने घर मि रैह्त एैं औेर रिस्तेदारन्नि एै खानौ खिलाबत एैं और मंडप के ओर पास रिस्तेदार रैह्त एैं ।
281474976735767	हमाए जां पै किरिआकरम बिठाइ कि ना करौ जातु लिटाइ कि करौ जातु एै और उत्तर की तरफ पैर होत एैं मरे भए के ।
281474976735757	बिआ की रीती रिबाज कौ तरीका जो लडकी के जां लडकाई बरात जाति एै । तौ लडकी बारेई रीती रिबाज चलाबत एैं औ पंडिेत बे रीती रिबाजन्न एै । अपने अपने हिसाब ति कराबाबत एैं और बिआ एै पर्ण सम्पन्न कराबत एैं ।
281474976735750	घर बाले ।
281474976735753	बिआ मि लगन होति एै सगाई होति एै औरु लडकी कौ दान होतु एै । बाप देतु एै और रिस्तेदार पाएैं पूजे जात एैं छौरी के औरु छौरा के संग में पूजे जात एै और कछू रुपिअन तै दान लयौ जातु एै और फिर पलिंगा होतु एै हमाए जां पै और बिदाई होति एै ।
281474976735771	मरिबे के बाद अगर कोई जबान मरौ एै तौ भाईसाब तैरै लडकी जिमाई दई जांगी बस्स । है जागौ जो कछू होनौ एै सो और अगर कोई बूढौ बडौ मरौ एै उमर मि तौ बाके पूआ होत एैं पूआ खीर सब्जी अरे भडिआ भडिआ सब्जी होति एैं भाईसाब ।
281474976735749	बिआ ति पैलै मौडा मौडी एै बिन दौनौ के घरबारे मिलाबत एैं घरबारे देखत एैं ।
281474976735762	जरूरी बात जि एै हिन्दून कौ बिआ सबन्ति भडिआ होतु एै और भडीआ चल्तु एै लबौ सौ नैक भडीआ लगतु एै हमैं तौ । हमाए जां की रीती रिबाज भौत भडीआ एै भाई साब ।
281474976735755	बिआ मि रिस्तेदान्नि एै बुलाऔ एै । सगे सम्बधिन्न एै ।
281474976735760	बिआ के बाद पांत पस्सी जाति एै बामि खानौ दऔ जातु एै और लडकी बाऔ कैसौ खानौ देऔ लडकी बाए पै निर्भर कत्तु एै न ।
281474976735769	किरिआकरम मि लकडी कन्डे और घर से जो आग बनाइ कि लै जात का एैं कलस मि बु चइंअति एै बस ।
281474976735746	जनमदिन के बाद बच्चा कौ जो इंतजाम कत्तु एै बिबस्था कत्तु एै बाए घर बाए कत्त एैं । घर बारे पईसा देत एैं अब जि तौ मालिक कौ एै घर मि जि बात तौ देखनी परैई न ।
281474976735766	किरिआकरम मि कोई बुलाइबे के लएैं तौ बस्स बोई लडका जो जब मर जातु एै बाकी भैन बगैरा आबत एैं और घर के लोग होत एैं और एैसौ कोई हमाए जां कोई खासकर आदिमी बुलायौ नां जातौं चुंकि भाई मरौ भऔ आदिमी होतु एै तौ बुलाइबौ तौ जरूरी नांइ जि मान लेऔ तुम ।
281474976735752	बिआ के रीती रिबाज पीरी चिठ्ठी के हिसाब ति ई करे जात एैं । का का समै दयौ होतु एै महूरत के हिसाब ति और मंडप के नीचि करे जात एैं ।
281474976735768	करिआकरम करिबे कौ तरीका एै कि सम्मान के साथ बा आदमी एै । मां जहां जराऔ जाऔ मां लै जाऔ जातु एै चार कन्धा पै और फिर मां पै और बाएै सईआ पर लिटाऔ जातु एै । जां पै जराइबे ए होत एैं लकडी रख्खि कि फिर जराइबे ए बाद बाके बस्ञ उतारे जात एैं और लकडी रख दी जात एैं । फिर घी बी डारौ जातु एै और फिर बामि आग लगाइ दई जाति एै ।
281474976735737	हमाए जां पै तौ बच्चा के जनम के बादि दो या तीन दिन बाद एक छौटो सौ बु रख्खौ जातु एै प्रोग्राम जा दिनां बै मईआ आबति एैं । बच्चा की बु करिबे रासि बनाइबे और भाग्गि दैबे । बुई होतु एै बच्चा के जनम के बाद और बाके मूल आइबे तक जितनौं टाइम होतु एै बई दिना बाकौ नामकरण करौ जातु एै और बाति पैलि तौ कछु ना होतु । हां एक दो गडा बडा बाधे जात एैं भूत प्रेत ति मतलब करिबे काजि जौ जां बडे लोग मान्त एैं बई हिसाब ति और तौ एैसौ कोई बडौ काम है नां नै ।
281474976735747	जन्म के बाद बच्चा के एक आबस्सक बात है कि बच्चा स्बस्थ है कि नांइ । नां हतु तौ डॉक्टर एै दिखाऔ ।
281474976735740	नाम रख्खिबे के काजि मम्मी पापा साथ मि बैठाऔ जातु एै । बच्चा गोद मि होतु एै । पंडिज्जी मम्मी के सामनि मञ पढ़ि रए होत एैं । बीच मि हबन होतु एै और रिस्तेदार और पास बैठे होत एैं ।
281474976735742	नाम रख्खिबे के कारिक्रम मि हबन सामिग्री होति एै और पंडित जी के लैं बस्ञ होत एैं । मां बाप नए कपड़ा पैंन्त एैं । बच्चा के लैं बस्ञ होत एैं और दक्षिणा दई जाति एै पंडित जी औ लड़का बूआ एै और पिताजी की बूआ एै बस्स जेई एै ।
281474976735759	बिआ के रीती रिबाज पंडित करबाबत एै और छौरा छौरी कत्त एैं ।
281474976735773	कारिक्रम मि जरूरी जि एै भाई साब एक उमरि पै ई आइ कि दाबत करिऔ । भौस्से लौग कद्देत एैं जल्दी बच जात एैं जबजस्ती करबाइ देत एैं । कृपिआ करिकि एैसौ मति करिऔ ।
281474976735772	कारिक्रम के काम एै घर बाए कत्त एैं औ बेई पईसा देत एैं । कछू सामान लानौ होतु एै तौ और अगर कोई बैसि भाहर जराऔ जाइ रऔ होतु एै समसान घाट मिं तौ समसान घाट बाए पईसा दै देत एैं । घर बारेई देत एैं पईसा तौ ।
281474976735770	किरिआकरम मरिबे बाए कौ या तौ लडका करैऔ बडौ या छोटौ भइआ करैऔ ।
281474976735761	बिआ की तईआरी माता पिता कराबत एैं लडका लडकी के औ बे पईसा देत एैं ।
281474976735745	नाम रख्खिबे के बाद चिन्नामित्तु मिल्तु एै प्रसाद भगबान जी कौ ।
281474976735748	हां बिआ ति पैलि मौडा मौडी मिल जात एैं हमाए जां तौ ।
281474976735765	मरिबे के बाद किरिआकरम हैबे के बाद जो किरिआकरम कत्तु एै बु घर रैह्तु एै । और जहां आदिमी की मृतू होति एैं मां दीआ रख्खौ जातु एै और तेरैबे दिना बा आदिमी के दिन का जात एै डारे जात एैं । जो जलाबतु एै बेई कत्तु एै । औरु जि बजै ति करौ जातु एै कि बा आदिमी की आतमा एै सांती मिलै और भडिआ सौ जनम मिल जाएै ।
281474976735763	हमाए समाज मि मरबे पै बाके सरीर एै जलाऔ जातु एै ।
281474976735666	नाम धरिबे के कारिक्रम एै पंडित जी कत्त एैं ।
281474976735664	नाम रख्खिबे मि के कारिक्रम मि रौली मौली चाबल जनेऊ नौत्ता गुलाल आदि का प्रयोग कियौ जातु एै ।
281474976735668	बच्चा जनमिबे ति लैकि नाम धरिबे तक की बिबस्ता पंडित जी कत्त एैं बाए पईसा लडका कौ मम्मी पापा देत एैं ।
281474976735661	जनबे और नाम धरिबे बाए दिना सारे रिस्तेदार बुलाए जात एैं पंडित जी बुलाए जात एैं नाई बगैरा बुलाए जात एै । सब जने जित्तेऊ इकट्ठे होत एैं सबन्निएै दाबत बाबत खबाई जाति एै ।
281474976735673	हमाए समाज मि बिआ मि लगुन होति एै टीका होतु एै हल्दी की रसम होति एै बाके बाद बराइत जाति एै ।
281474976735671	हमाए समाज मि बिआ के लएैं मौडा मौडी के लएैं जाती और गोञ बोञ के आधार पै करौ जातु एै ।
281474976735658	बच्चा के हैबे ति लैकि पैदा हैबे पै फिर बाकौ नामकरण होतु एै । सबति पैलि पंडित एै बुलाऔ जातु एै । पंडित जी फिर पञा मि नाम बाम देख कि पञा देख कि नाम रख्खत एैं ।
281474976735662	नामकरण पत्नी के बांई तरफ पती को बैठाऔ जातु एै और बाकी पत्नी की गोद मि सिसू कु बिठाऔ जातु एै और तब नाम रख्खौ जातु एै ।
281474976735657	बच्चा हैबे पै और बाकौ नामकरण करबाए जातु एै । पैलि पंडिजी एै बुलआऔ जातु एै । पंडित जी फिर तारीख बारीख सैट करि कुरूइ कि पञी देखत एैं बामि फिर बालक कौ हबन बबन कर बाइ कि नाम रख्खौ जातु एै ।
281474976735674	बिआ के रीत रिबाज कौ समै पंडित जी तै कत्त एैं और जे बिआ लडकी या लडका के घरै तै होतु एै ।
281474976735670	हमाए समाज मि मौडा मौडी बिआ ति पैलि कबऊ नां मिन्त । जब बिआ है जातु एै बाके बादिई मिन्त एै ।
281474976735665	बच्चा कौ नाम पंडित जी धत्त एैं हबन बगैरा होतु एै कुनडली बुनडली पञा बगैरा देख कि बच्चा कौ नाम धरौ जातु एै ।
281474976735660	नाम धरिबे कौ समै और दिना पंडित जी पञा मि देख कि रख्खत एैं और नक्षञ बगैरा देख दाख कि तब नाम धत्त एैं ।
281474976735667	नाम धरिबे के बाद पांत होति एै । बामि पूरी साग लड्डू सब कछू मिन्तु एै ।
281474976735669	जनम हैबे के बादि रासी बासी देख कि बालक कौ नाम धरौ जातु एै ।
281474976735672	मौडा मौडी कू बाके रित्तेदार और मम्मी पापा बगैरा ढ़ूढत एैं ।
281474976735663	नाम धरिबे के लएैं सुतिका कौ सुद्दीकरण हबन कराइ कि फिर बाके बादि नाम रख्खौ जातु एै ।
